-4.00000 , 0.00000 , 0.00000
-3.99968 , 0.02063 , 0.00000
-3.99898 , 0.04254 , 0.00000
-3.99779 , 0.06582 , 0.00000
-3.99584 , 0.09052 , 0.00000
-3.99307 , 0.11668 , 0.00000
-3.98940 , 0.14438 , 0.00000
-3.98468 , 0.17365 , 0.00000
-3.97873 , 0.20454 , 0.00000
-3.97137 , 0.23709 , 0.00000
-3.96240 , 0.27130 , 0.00000
-3.95162 , 0.30720 , 0.00000
-3.93863 , 0.34470 , 0.00000
-3.92328 , 0.38381 , 0.00000
-3.90541 , 0.42449 , 0.00000
-3.88438 , 0.46651 , 0.00000
-3.86023 , 0.50988 , 0.00000
-3.83226 , 0.55420 , 0.00000
-3.80034 , 0.59934 , 0.00000
-3.76406 , 0.64498 , 0.00000
-3.72304 , 0.69067 , 0.00000
-3.67690 , 0.73593 , 0.00000
-3.62532 , 0.78021 , 0.00000
-3.56806 , 0.82288 , 0.00000
-3.50483 , 0.86314 , 0.00000
-3.43545 , 0.90009 , 0.00000
-3.35993 , 0.93287 , 0.00000
-3.27833 , 0.96047 , 0.00000
-3.19081 , 0.98158 , 0.00000
-3.09783 , 0.99515 , 0.00000
-3.00000 , 1.00000 , 0.00000
-2.89844 , 1.00000 , 0.00000
-2.79377 , 1.00000 , 0.00000
-2.68604 , 1.00000 , 0.00000
-2.57531 , 1.00000 , 0.00000
-2.46167 , 1.00000 , 0.00000
-2.34518 , 1.00000 , 0.00000
-2.22597 , 1.00000 , 0.00000
-2.10415 , 1.00000 , 0.00000
-1.97985 , 1.00000 , 0.00000
-1.85322 , 1.00000 , 0.00000
-1.72441 , 1.00000 , 0.00000
-1.59362 , 1.00000 , 0.00000
-1.46101 , 1.00000 , 0.00000
-1.32680 , 1.00000 , 0.00000
-1.19118 , 1.00000 , 0.00000
-1.05439 , 1.00000 , 0.00000
-0.91664 , 1.00000 , 0.00000
-0.77816 , 1.00000 , 0.00000
-0.63920 , 1.00000 , 0.00000
-0.50000 , 1.00000 , 0.00000
-0.36080 , 1.00000 , 0.00000
-0.22184 , 1.00000 , 0.00000
-0.08336 , 1.00000 , 0.00000
0.05439 , 1.00000 , 0.00000
0.19118 , 1.00000 , 0.00000
0.32680 , 1.00000 , 0.00000
0.46101 , 1.00000 , 0.00000
0.59362 , 1.00000 , 0.00000
0.72441 , 1.00000 , 0.00000
0.85322 , 1.00000 , 0.00000
0.97985 , 1.00000 , 0.00000
1.10415 , 1.00000 , 0.00000
1.22597 , 1.00000 , 0.00000
1.34518 , 1.00000 , 0.00000
1.46167 , 1.00000 , 0.00000
1.57531 , 1.00000 , 0.00000
1.68604 , 1.00000 , 0.00000
1.79377 , 1.00000 , 0.00000
1.89844 , 1.00000 , 0.00000
2.00000 , 1.00000 , 0.00000
2.10069 , 0.99861 , 0.00000
2.20253 , 0.99477 , 0.00000
2.30509 , 0.98824 , 0.00000
2.40796 , 0.97885 , 0.00000
2.51073 , 0.96676 , 0.00000
2.61294 , 0.95184 , 0.00000
2.71414 , 0.93395 , 0.00000
2.81393 , 0.91332 , 0.00000
2.91188 , 0.88997 , 0.00000
3.00753 , 0.86375 , 0.00000
3.10050 , 0.83485 , 0.00000
3.19044 , 0.80343 , 0.00000
3.27700 , 0.76959 , 0.00000
3.35975 , 0.73322 , 0.00000
3.43842 , 0.69462 , 0.00000
3.51275 , 0.65398 , 0.00000
3.58249 , 0.61145 , 0.00000
3.64725 , 0.56700 , 0.00000
3.70686 , 0.52097 , 0.00000
3.76119 , 0.47366 , 0.00000
3.81008 , 0.42531 , 0.00000
3.85309 , 0.37593 , 0.00000
3.89038 , 0.32615 , 0.00000
3.92202 , 0.27638 , 0.00000
3.94768 , 0.22680 , 0.00000
3.96782 , 0.17809 , 0.00000
3.98272 , 0.13065 , 0.00000
3.99257 , 0.08490 , 0.00000
3.99808 , 0.04125 , 0.00000
4.00000 , 0.00000 , 0.00000
4.05277 , 0.00000 , 0.00000
4.11148 , 0.00000 , 0.00000
4.17677 , 0.00000 , 0.00000
4.24934 , 0.00000 , 0.00000
4.32997 , 0.00000 , 0.00000
4.41951 , 0.00000 , 0.00000
4.51887 , 0.00000 , 0.00000
4.62907 , 0.00000 , 0.00000
4.75118 , 0.00000 , 0.00000
4.88639 , 0.00000 , 0.00000
5.03597 , 0.00000 , 0.00000
5.20127 , 0.00000 , 0.00000
5.38373 , 0.00000 , 0.00000
5.58489 , 0.00000 , 0.00000
5.80637 , 0.00000 , 0.00000
6.04984 , 0.00000 , 0.00000
6.31706 , 0.00000 , 0.00000
6.60979 , 0.00000 , 0.00000
6.92984 , 0.00000 , 0.00000
7.27900 , 0.00000 , 0.00000
7.65901 , 0.00000 , 0.00000
8.07153 , 0.00000 , 0.00000
8.51808 , 0.00000 , 0.00000
9.00000 , 0.00000 , 100.00052
-4.01132 , 0.00000 , 0.00000
-4.01100 , 0.02096 , 0.00000
-4.01030 , 0.04330 , 0.00000
-4.00911 , 0.06708 , 0.00000
-4.00716 , 0.09237 , 0.00000
-4.00440 , 0.11924 , 0.00000
-4.00074 , 0.14775 , 0.00000
-3.99603 , 0.17795 , 0.00000
-3.99010 , 0.20986 , 0.00000
-3.98275 , 0.24351 , 0.00000
-3.97381 , 0.27889 , 0.00000
-3.96306 , 0.31598 , 0.00000
-3.95011 , 0.35467 , 0.00000
-3.93482 , 0.39494 , 0.00000
-3.91700 , 0.43672 , 0.00000
-3.89604 , 0.47974 , 0.00000
-3.87080 , 0.52293 , 0.00000
-3.84168 , 0.56708 , 0.00000
-3.80856 , 0.61204 , 0.00000
-3.77108 , 0.65749 , 0.00000
-3.72888 , 0.70300 , 0.00000
-3.68162 , 0.74808 , 0.00000
-3.62902 , 0.79218 , 0.00000
-3.57084 , 0.83468 , 0.00000
-3.50682 , 0.87478 , 0.00000
-3.43679 , 0.91157 , 0.00000
-3.36076 , 0.94422 , 0.00000
-3.27877 , 0.97170 , 0.00000
-3.19100 , 0.99271 , 0.00000
-3.09788 , 1.00621 , 0.00000
-3.00000 , 1.01103 , 0.00000
-2.89844 , 1.01101 , 0.00000
-2.79377 , 1.01099 , 0.00000
-2.68604 , 1.01097 , 0.00000
-2.57531 , 1.01095 , 0.00000
-2.46167 , 1.01093 , 0.00000
-2.34518 , 1.01090 , 0.00000
-2.22597 , 1.01088 , 0.00000
-2.10415 , 1.01086 , 0.00000
-1.97985 , 1.01084 , 0.00000
-1.85322 , 1.01081 , 0.00000
-1.72441 , 1.01079 , 0.00000
-1.59362 , 1.01076 , 0.00000
-1.46101 , 1.01074 , 0.00000
-1.32680 , 1.01071 , 0.00000
-1.19118 , 1.01069 , 0.00000
-1.05439 , 1.01066 , 0.00000
-0.91664 , 1.01064 , 0.00000
-0.77816 , 1.01061 , 0.00000
-0.63920 , 1.01058 , 0.00000
-0.50000 , 1.01056 , 0.00000
-0.36080 , 1.01053 , 0.00000
-0.22184 , 1.01050 , 0.00000
-0.08336 , 1.01048 , 0.00000
0.05439 , 1.01045 , 0.00001
0.19118 , 1.01043 , 0.00001
0.32680 , 1.01040 , 0.00001
0.46101 , 1.01038 , 0.00001
0.59362 , 1.01035 , 0.00001
0.72441 , 1.01033 , 0.00001
0.85322 , 1.01030 , 0.00001
0.97985 , 1.01028 , 0.00001
1.10415 , 1.01026 , 0.00001
1.22597 , 1.01023 , 0.00001
1.34518 , 1.01021 , 0.00001
1.46167 , 1.01019 , 0.00001
1.57531 , 1.01017 , 0.00001
1.68604 , 1.01015 , 0.00001
1.79377 , 1.01013 , 0.00002
1.89844 , 1.01011 , 0.00002
2.00000 , 1.01009 , 0.00002
2.10070 , 1.00869 , 0.00002
2.20255 , 1.00484 , 0.00002
2.30514 , 0.99831 , 0.00002
2.40804 , 0.98893 , 0.00003
2.51085 , 0.97686 , 0.00003
2.61312 , 0.96197 , 0.00003
2.71439 , 0.94412 , 0.00004
2.81425 , 0.92354 , 0.00004
2.91228 , 0.90025 , 0.00004
3.00802 , 0.87410 , 0.00004
3.10109 , 0.84527 , 0.00004
3.19114 , 0.81394 , 0.00004
3.27781 , 0.78019 , 0.00004
3.36067 , 0.74392 , 0.00004
3.43946 , 0.70543 , 0.00004
3.51392 , 0.66490 , 0.00004
3.58379 , 0.62250 , 0.00004
3.64867 , 0.57817 , 0.00004
3.70842 , 0.53228 , 0.00003
3.76288 , 0.48510 , 0.00003
3.81191 , 0.43689 , 0.00003
3.85506 , 0.38766 , 0.00002
3.89250 , 0.33803 , 0.00002
3.92429 , 0.28840 , 0.00001
3.95010 , 0.23897 , 0.00001
3.97040 , 0.19040 , 0.00001
3.98545 , 0.14311 , 0.00001
3.99547 , 0.09749 , 0.00000
4.00114 , 0.05398 , 0.00000
4.00321 , 0.01284 , 0.00001
4.05597 , 0.01283 , 0.00004
4.11467 , 0.01282 , 0.00006
4.17993 , 0.01280 , 0.00007
4.25247 , 0.01278 , 0.00009
4.33306 , 0.01276 , 0.00012
4.42254 , 0.01274 , 0.00015
4.52184 , 0.01271 , 0.00019
4.63195 , 0.01269 , 0.00024
4.75397 , 0.01265 , 0.00031
4.88906 , 0.01262 , 0.00040
5.03850 , 0.01258 , 0.00051
5.20365 , 0.01254 , 0.00066
5.38594 , 0.01250 , 0.00087
5.58692 , 0.01245 , 0.00114
5.80819 , 0.01239 , 0.00153
6.05144 , 0.01233 , 0.00208
6.31841 , 0.01226 , 0.00289
6.61090 , 0.01219 , 0.00415
6.93070 , 0.01211 , 0.00623
7.27962 , 0.01202 , 0.01007
7.65940 , 0.01193 , 0.01851
8.07172 , 0.01182 , 0.04588
8.51813 , 0.01171 , 0.36087
9.00000 , 0.01159 , 100.00052
-4.02575 , 0.00000 , 0.00000
-4.02542 , 0.02139 , 0.00000
-4.02473 , 0.04425 , 0.00000
-4.02353 , 0.06868 , 0.00000
-4.02160 , 0.09474 , 0.00000
-4.01884 , 0.12251 , 0.00000
-4.01519 , 0.15206 , 0.00000
-4.01050 , 0.18343 , 0.00000
-4.00459 , 0.21665 , 0.00000
-3.99727 , 0.25170 , 0.00000
-3.98836 , 0.28856 , 0.00000
-3.97766 , 0.32718 , 0.00000
-3.96477 , 0.36740 , 0.00000
-3.94953 , 0.40914 , 0.00000
-3.93180 , 0.45232 , 0.00000
-3.91093 , 0.49662 , 0.00000
-3.88430 , 0.53959 , 0.00000
-3.85370 , 0.58351 , 0.00000
-3.81906 , 0.62825 , 0.00000
-3.78005 , 0.67347 , 0.00000
-3.73634 , 0.71875 , 0.00000
-3.68765 , 0.76360 , 0.00000
-3.63374 , 0.80747 , 0.00000
-3.57439 , 0.84975 , 0.00000
-3.50936 , 0.88965 , 0.00000
-3.43850 , 0.92625 , 0.00000
-3.36181 , 0.95872 , 0.00000
-3.27934 , 0.98606 , 0.00000
-3.19124 , 1.00695 , 0.00000
-3.09794 , 1.02037 , 0.00000
-3.00000 , 1.02514 , 0.00000
-2.89844 , 1.02510 , 0.00000
-2.79377 , 1.02506 , 0.00000
-2.68604 , 1.02502 , 0.00000
-2.57531 , 1.02497 , 0.00000
-2.46167 , 1.02493 , 0.00000
-2.34518 , 1.02488 , 0.00000
-2.22597 , 1.02484 , 0.00000
-2.10415 , 1.02479 , 0.00000
-1.97985 , 1.02474 , 0.00000
-1.85322 , 1.02469 , 0.00000
-1.72441 , 1.02464 , 0.00000
-1.59362 , 1.02459 , 0.00000
-1.46101 , 1.02454 , 0.00001
-1.32680 , 1.02448 , 0.00001
-1.19118 , 1.02443 , 0.00001
-1.05439 , 1.02438 , 0.00001
-0.91664 , 1.02432 , 0.00001
-0.77816 , 1.02427 , 0.00001
-0.63920 , 1.02422 , 0.00001
-0.50000 , 1.02416 , 0.00001
-0.36080 , 1.02411 , 0.00001
-0.22184 , 1.02405 , 0.00001
-0.08336 , 1.02400 , 0.00002
0.05439 , 1.02394 , 0.00002
0.19118 , 1.02389 , 0.00002
0.32680 , 1.02384 , 0.00002
0.46101 , 1.02379 , 0.00002
0.59362 , 1.02373 , 0.00003
0.72441 , 1.02368 , 0.00003
0.85322 , 1.02363 , 0.00003
0.97985 , 1.02358 , 0.00003
1.10415 , 1.02353 , 0.00004
1.22597 , 1.02349 , 0.00004
1.34518 , 1.02344 , 0.00004
1.46167 , 1.02339 , 0.00004
1.57531 , 1.02335 , 0.00005
1.68604 , 1.02331 , 0.00005
1.79377 , 1.02326 , 0.00005
1.89844 , 1.02322 , 0.00006
2.00000 , 1.02318 , 0.00006
2.10071 , 1.02177 , 0.00007
2.20257 , 1.01792 , 0.00007
2.30519 , 1.01140 , 0.00008
2.40815 , 1.00204 , 0.00009
2.51101 , 0.99000 , 0.00010
2.61336 , 0.97515 , 0.00011
2.71471 , 0.95736 , 0.00012
2.81466 , 0.93685 , 0.00013
2.91281 , 0.91363 , 0.00014
3.00867 , 0.88757 , 0.00014
3.10186 , 0.85885 , 0.00015
3.19205 , 0.82763 , 0.00015
3.27886 , 0.79401 , 0.00015
3.36187 , 0.75787 , 0.00015
3.44082 , 0.71952 , 0.00015
3.51544 , 0.67915 , 0.00014
3.58548 , 0.63691 , 0.00014
3.65053 , 0.59276 , 0.00013
3.71045 , 0.54704 , 0.00012
3.76509 , 0.50005 , 0.00010
3.81431 , 0.45202 , 0.00009
3.85764 , 0.40299 , 0.00008
3.89527 , 0.35355 , 0.00006
3.92725 , 0.30412 , 0.00005
3.95326 , 0.25488 , 0.00004
3.97376 , 0.20650 , 0.00003
3.98902 , 0.15940 , 0.00002
3.99925 , 0.11396 , 0.00001
4.00513 , 0.07062 , 0.00001
4.00741 , 0.02965 , 0.00005
4.06017 , 0.02962 , 0.00015
4.11884 , 0.02959 , 0.00019
4.18408 , 0.02956 , 0.00024
4.25658 , 0.02952 , 0.00031
4.33711 , 0.02948 , 0.00040
4.42652 , 0.02943 , 0.00051
4.52573 , 0.02938 , 0.00065
4.63573 , 0.02932 , 0.00083
4.75762 , 0.02926 , 0.00106
4.89256 , 0.02919 , 0.00137
5.04183 , 0.02911 , 0.00176
5.20678 , 0.02902 , 0.00229
5.38885 , 0.02893 , 0.00299
5.58958 , 0.02882 , 0.00396
5.81058 , 0.02871 , 0.00530
6.05354 , 0.02858 , 0.00721
6.32020 , 0.02844 , 0.01005
6.61236 , 0.02829 , 0.01446
6.93184 , 0.02812 , 0.02177
7.28043 , 0.02794 , 0.03523
7.65991 , 0.02774 , 0.06496
8.07198 , 0.02752 , 0.16117
8.51820 , 0.02729 , 1.13464
9.00000 , 0.02704 , 100.00052
-4.04413 , 0.00000 , 0.00000
-4.04380 , 0.02194 , 0.00000
-4.04310 , 0.04547 , 0.00000
-4.04191 , 0.07072 , 0.00000
-4.03998 , 0.09775 , 0.00000
-4.03723 , 0.12667 , 0.00000
-4.03360 , 0.15754 , 0.00000
-4.02893 , 0.19041 , 0.00000
-4.02305 , 0.22529 , 0.00000
-4.01577 , 0.26214 , 0.00000
-4.00691 , 0.30089 , 0.00000
-3.99627 , 0.34145 , 0.00000
-3.98344 , 0.38361 , 0.00000
-3.96830 , 0.42724 , 0.00000
-3.95066 , 0.47220 , 0.00000
-3.92991 , 0.51814 , 0.00000
-3.90151 , 0.56084 , 0.00000
-3.86904 , 0.60448 , 0.00000
-3.83245 , 0.64893 , 0.00000
-3.79148 , 0.69385 , 0.00000
-3.74586 , 0.73884 , 0.00000
-3.69535 , 0.78340 , 0.00000
-3.63976 , 0.82699 , 0.00000
-3.57892 , 0.86900 , 0.00000
-3.51261 , 0.90863 , 0.00000
-3.44069 , 0.94499 , 0.00000
-3.36316 , 0.97725 , 0.00000
-3.28007 , 1.00440 , 0.00000
-3.19155 , 1.02514 , 0.00000
-3.09801 , 1.03846 , 0.00000
-3.00000 , 1.04318 , 0.00000
-2.89844 , 1.04312 , 0.00000
-2.79377 , 1.04306 , 0.00000
-2.68604 , 1.04299 , 0.00000
-2.57531 , 1.04293 , 0.00000
-2.46167 , 1.04286 , 0.00000
-2.34518 , 1.04279 , 0.00000
-2.22597 , 1.04272 , 0.00001
-2.10415 , 1.04264 , 0.00001
-1.97985 , 1.04257 , 0.00001
-1.85322 , 1.04249 , 0.00001
-1.72441 , 1.04242 , 0.00001
-1.59362 , 1.04234 , 0.00001
-1.46101 , 1.04226 , 0.00001
-1.32680 , 1.04218 , 0.00001
-1.19118 , 1.04209 , 0.00002
-1.05439 , 1.04201 , 0.00002
-0.91664 , 1.04193 , 0.00002
-0.77816 , 1.04185 , 0.00002
-0.63920 , 1.04176 , 0.00003
-0.50000 , 1.04168 , 0.00003
-0.36080 , 1.04159 , 0.00003
-0.22184 , 1.04151 , 0.00004
-0.08336 , 1.04143 , 0.00004
0.05439 , 1.04134 , 0.00005
0.19118 , 1.04126 , 0.00005
0.32680 , 1.04118 , 0.00006
0.46101 , 1.04110 , 0.00006
0.59362 , 1.04102 , 0.00007
0.72441 , 1.04094 , 0.00007
0.85322 , 1.04086 , 0.00008
0.97985 , 1.04079 , 0.00009
1.10415 , 1.04071 , 0.00009
1.22597 , 1.04064 , 0.00010
1.34518 , 1.04057 , 0.00011
1.46167 , 1.04050 , 0.00011
1.57531 , 1.04043 , 0.00012
1.68604 , 1.04036 , 0.00013
1.79377 , 1.04030 , 0.00013
1.89844 , 1.04023 , 0.00014
2.00000 , 1.04017 , 0.00015
2.10071 , 1.03874 , 0.00017
2.20260 , 1.03489 , 0.00019
2.30527 , 1.02839 , 0.00021
2.40828 , 1.01906 , 0.00024
2.51123 , 1.00706 , 0.00026
2.61366 , 0.99228 , 0.00028
2.71512 , 0.97457 , 0.00031
2.81521 , 0.95415 , 0.00033
2.91349 , 0.93105 , 0.00035
3.00950 , 0.90511 , 0.00036
3.10287 , 0.87653 , 0.00038
3.19323 , 0.84546 , 0.00039
3.28023 , 0.81200 , 0.00039
3.36344 , 0.77605 , 0.00039
3.44259 , 0.73790 , 0.00038
3.51743 , 0.69773 , 0.00037
3.58768 , 0.65571 , 0.00035
3.65295 , 0.61178 , 0.00032
3.71310 , 0.56630 , 0.00030
3.76798 , 0.51955 , 0.00027
3.81743 , 0.47178 , 0.00023
3.86101 , 0.42300 , 0.00020
3.89889 , 0.37382 , 0.00016
3.93113 , 0.32465 , 0.00013
3.95740 , 0.27567 , 0.00010
3.97817 , 0.22755 , 0.00008
3.99370 , 0.18069 , 0.00005
4.00420 , 0.13549 , 0.00004
4.01035 , 0.09237 , 0.00002
4.01290 , 0.05162 , 0.00012
4.06565 , 0.05158 , 0.00037
4.12430 , 0.05153 , 0.00048
4.18950 , 0.05148 , 0.00062
4.26195 , 0.05142 , 0.00080
4.34241 , 0.05135 , 0.00102
4.43173 , 0.05128 , 0.00130
4.53082 , 0.05120 , 0.00167
4.64068 , 0.05111 , 0.00213
4.76240 , 0.05102 , 0.00273
4.89715 , 0.05091 , 0.00352
5.04620 , 0.05079 , 0.00454
5.21089 , 0.05065 , 0.00590
5.39267 , 0.05051 , 0.00773
5.59307 , 0.05035 , 0.01023
5.81372 , 0.05017 , 0.01372
6.05630 , 0.04997 , 0.01872
6.32256 , 0.04976 , 0.02614
6.61430 , 0.04952 , 0.03767
6.93334 , 0.04926 , 0.05683
7.28151 , 0.04898 , 0.09219
7.66059 , 0.04868 , 0.17032
8.07232 , 0.04835 , 0.42168
8.51830 , 0.04799 , 2.62943
9.00000 , 0.04760 , 100.00052
-4.06749 , 0.00000 , 0.00000
-4.06716 , 0.02264 , 0.00000
-4.06646 , 0.04703 , 0.00000
-4.06528 , 0.07331 , 0.00000
-4.06336 , 0.10159 , 0.00000
-4.06063 , 0.13196 , 0.00000
-4.05702 , 0.16452 , 0.00000
-4.05238 , 0.19930 , 0.00000
-4.04654 , 0.23628 , 0.00000
-4.03931 , 0.27542 , 0.00000
-4.03051 , 0.31658 , 0.00000
-4.01994 , 0.35961 , 0.00000
-4.00721 , 0.40425 , 0.00000
-3.99217 , 0.45028 , 0.00000
-3.97466 , 0.49751 , 0.00000
-3.95407 , 0.54554 , 0.00000
-3.92343 , 0.58789 , 0.00000
-3.88856 , 0.63118 , 0.00000
-3.84951 , 0.67526 , 0.00000
-3.80604 , 0.71982 , 0.00000
-3.75798 , 0.76444 , 0.00000
-3.70516 , 0.80864 , 0.00000
-3.64744 , 0.85187 , 0.00000
-3.58469 , 0.89353 , 0.00000
-3.51675 , 0.93284 , 0.00000
-3.44347 , 0.96890 , 0.00000
-3.36488 , 1.00088 , 0.00000
-3.28100 , 1.02780 , 0.00000
-3.19194 , 1.04837 , 0.00000
-3.09810 , 1.06156 , 0.00000
-3.00000 , 1.06623 , 0.00000
-2.89844 , 1.06614 , 0.00001
-2.79377 , 1.06606 , 0.00001
-2.68604 , 1.06597 , 0.00001
-2.57531 , 1.06588 , 0.00001
-2.46167 , 1.06579 , 0.00001
-2.34518 , 1.06570 , 0.00001
-2.22597 , 1.06560 , 0.00001
-2.10415 , 1.06550 , 0.00001
-1.97985 , 1.06540 , 0.00002
-1.85322 , 1.06530 , 0.00002
-1.72441 , 1.06520 , 0.00002
-1.59362 , 1.06509 , 0.00002
-1.46101 , 1.06498 , 0.00003
-1.32680 , 1.06487 , 0.00003
-1.19118 , 1.06477 , 0.00004
-1.05439 , 1.06465 , 0.00004
-0.91664 , 1.06454 , 0.00005
-0.77816 , 1.06443 , 0.00005
-0.63920 , 1.06432 , 0.00006
-0.50000 , 1.06421 , 0.00007
-0.36080 , 1.06409 , 0.00007
-0.22184 , 1.06398 , 0.00008
-0.08336 , 1.06387 , 0.00009
0.05439 , 1.06376 , 0.00010
0.19118 , 1.06365 , 0.00011
0.32680 , 1.06354 , 0.00012
0.46101 , 1.06343 , 0.00014
0.59362 , 1.06332 , 0.00015
0.72441 , 1.06322 , 0.00016
0.85322 , 1.06311 , 0.00018
0.97985 , 1.06301 , 0.00019
1.10415 , 1.06291 , 0.00021
1.22597 , 1.06281 , 0.00022
1.34518 , 1.06272 , 0.00024
1.46167 , 1.06262 , 0.00025
1.57531 , 1.06253 , 0.00027
1.68604 , 1.06244 , 0.00028
1.79377 , 1.06235 , 0.00030
1.89844 , 1.06227 , 0.00031
2.00000 , 1.06219 , 0.00033
2.10072 , 1.06075 , 0.00037
2.20265 , 1.05690 , 0.00042
2.30537 , 1.05042 , 0.00047
2.40845 , 1.04114 , 0.00053
2.51150 , 1.02921 , 0.00058
2.61406 , 1.01452 , 0.00064
2.71566 , 0.99692 , 0.00069
2.81591 , 0.97662 , 0.00074
2.91437 , 0.95367 , 0.00078
3.01059 , 0.92790 , 0.00082
3.10417 , 0.89951 , 0.00085
3.19477 , 0.86865 , 0.00087
3.28202 , 0.83542 , 0.00088
3.36548 , 0.79971 , 0.00087
3.44490 , 0.76181 , 0.00086
3.52001 , 0.72192 , 0.00083
3.59055 , 0.68019 , 0.00079
3.65611 , 0.63657 , 0.00074
3.71656 , 0.59140 , 0.00068
3.77174 , 0.54497 , 0.00061
3.82151 , 0.49753 , 0.00053
3.86540 , 0.44909 , 0.00045
3.90361 , 0.40026 , 0.00038
3.93618 , 0.35142 , 0.00030
3.96279 , 0.30279 , 0.00023
3.98391 , 0.25500 , 0.00017
3.99979 , 0.20847 , 0.00012
4.01065 , 0.16359 , 0.00008
4.01717 , 0.12078 , 0.00005
4.02008 , 0.08031 , 0.00028
4.07281 , 0.08025 , 0.00085
4.13144 , 0.08019 , 0.00110
4.19659 , 0.08012 , 0.00141
4.26897 , 0.08004 , 0.00181
4.34933 , 0.07995 , 0.00232
4.43853 , 0.07985 , 0.00296
4.53748 , 0.07975 , 0.00379
4.64716 , 0.07963 , 0.00486
4.76867 , 0.07950 , 0.00623
4.90316 , 0.07935 , 0.00802
5.05192 , 0.07919 , 0.01037
5.21627 , 0.07901 , 0.01349
5.39768 , 0.07881 , 0.01769
5.59767 , 0.07860 , 0.02345
5.81785 , 0.07836 , 0.03149
6.05993 , 0.07809 , 0.04302
6.32566 , 0.07781 , 0.06017
6.61684 , 0.07749 , 0.08686
6.93532 , 0.07715 , 0.13130
7.28293 , 0.07677 , 0.21339
7.66149 , 0.07636 , 0.39469
8.07277 , 0.07591 , 0.97060
8.51843 , 0.07543 , 5.30111
9.00000 , 0.07491 , 100.00052
-4.09715 , 0.00000 , 0.00000
-4.09682 , 0.02352 , 0.00000
-4.09612 , 0.04900 , 0.00000
-4.09494 , 0.07660 , 0.00000
-4.09304 , 0.10645 , 0.00000
-4.09033 , 0.13868 , 0.00000
-4.08675 , 0.17338 , 0.00000
-4.08216 , 0.21058 , 0.00000
-4.07637 , 0.25025 , 0.00000
-4.06921 , 0.29228 , 0.00000
-4.06049 , 0.33651 , 0.00000
-4.05002 , 0.38269 , 0.00000
-4.03741 , 0.43047 , 0.00000
-4.02252 , 0.47956 , 0.00000
-4.00517 , 0.52968 , 0.00000
-3.98478 , 0.58037 , 0.00000
-3.95128 , 0.62228 , 0.00000
-3.91339 , 0.66512 , 0.00000
-3.87119 , 0.70875 , 0.00000
-3.82457 , 0.75285 , 0.00001
-3.77341 , 0.79700 , 0.00001
-3.71764 , 0.84074 , 0.00001
-3.65720 , 0.88353 , 0.00001
-3.59204 , 0.92476 , 0.00001
-3.52202 , 0.96365 , 0.00001
-3.44702 , 0.99933 , 0.00001
-3.36707 , 1.03098 , 0.00001
-3.28218 , 1.05762 , 0.00001
-3.19244 , 1.07795 , 0.00001
-3.09822 , 1.09100 , 0.00001
-3.00000 , 1.09560 , 0.00001
-2.89844 , 1.09550 , 0.00001
-2.79377 , 1.09540 , 0.00001
-2.68604 , 1.09529 , 0.00001
-2.57531 , 1.09518 , 0.00002
-2.46167 , 1.09507 , 0.00002
-2.34518 , 1.09495 , 0.00002
-2.22597 , 1.09484 , 0.00002
-2.10415 , 1.09472 , 0.00003
-1.97985 , 1.09459 , 0.00003
-1.85322 , 1.09447 , 0.00004
-1.72441 , 1.09434 , 0.00004
-1.59362 , 1.09421 , 0.00005
-1.46101 , 1.09408 , 0.00006
-1.32680 , 1.09395 , 0.00006
-1.19118 , 1.09381 , 0.00007
-1.05439 , 1.09368 , 0.00008
-0.91664 , 1.09354 , 0.00009
-0.77816 , 1.09341 , 0.00011
-0.63920 , 1.09327 , 0.00012
-0.50000 , 1.09313 , 0.00013
-0.36080 , 1.09299 , 0.00015
-0.22184 , 1.09286 , 0.00017
-0.08336 , 1.09272 , 0.00019
0.05439 , 1.09258 , 0.00021
0.19118 , 1.09245 , 0.00023
0.32680 , 1.09231 , 0.00026
0.46101 , 1.09218 , 0.00028
0.59362 , 1.09205 , 0.00031
0.72441 , 1.09192 , 0.00034
0.85322 , 1.09179 , 0.00036
0.97985 , 1.09167 , 0.00040
1.10415 , 1.09155 , 0.00043
1.22597 , 1.09143 , 0.00046
1.34518 , 1.09131 , 0.00049
1.46167 , 1.09119 , 0.00052
1.57531 , 1.09108 , 0.00055
1.68604 , 1.09097 , 0.00059
1.79377 , 1.09086 , 0.00062
1.89844 , 1.09076 , 0.00065
2.00000 , 1.09066 , 0.00070
2.10074 , 1.08922 , 0.00078
2.20270 , 1.08539 , 0.00088
2.30549 , 1.07895 , 0.00099
2.40868 , 1.06974 , 0.00111
2.51185 , 1.05791 , 0.00122
2.61457 , 1.04334 , 0.00134
2.71636 , 1.02588 , 0.00145
2.81682 , 1.00577 , 0.00155
2.91552 , 0.98302 , 0.00164
3.01200 , 0.95748 , 0.00172
3.10587 , 0.92934 , 0.00179
3.19676 , 0.89876 , 0.00183
3.28433 , 0.86583 , 0.00185
3.36813 , 0.83044 , 0.00185
3.44790 , 0.79289 , 0.00181
3.52337 , 0.75337 , 0.00176
3.59427 , 0.71201 , 0.00167
3.66022 , 0.66880 , 0.00157
3.72106 , 0.62405 , 0.00144
3.77664 , 0.57805 , 0.00130
3.82681 , 0.53105 , 0.00114
3.87112 , 0.48305 , 0.00097
3.90976 , 0.43467 , 0.00081
3.94276 , 0.38629 , 0.00066
3.96982 , 0.33811 , 0.00051
3.99139 , 0.29077 , 0.00038
4.00774 , 0.24467 , 0.00027
4.01906 , 0.20020 , 0.00018
4.02605 , 0.15779 , 0.00012
4.02942 , 0.11769 , 0.00061
4.08214 , 0.11762 , 0.00180
4.14074 , 0.11754 , 0.00233
4.20583 , 0.11746 , 0.00299
4.27812 , 0.11736 , 0.00384
4.35837 , 0.11726 , 0.00491
4.44741 , 0.11714 , 0.00629
4.54617 , 0.11701 , 0.00805
4.65562 , 0.11686 , 0.01031
4.77685 , 0.11670 , 0.01324
4.91102 , 0.11652 , 0.01706
5.05939 , 0.11632 , 0.02208
5.22332 , 0.11611 , 0.02876
5.40424 , 0.11587 , 0.03776
5.60368 , 0.11560 , 0.05009
5.82327 , 0.11531 , 0.06735
6.06470 , 0.11499 , 0.09217
6.32973 , 0.11463 , 0.12909
6.62019 , 0.11425 , 0.18665
6.93792 , 0.11383 , 0.28261
7.28480 , 0.11336 , 0.45989
7.66268 , 0.11286 , 0.85024
8.07337 , 0.11232 , 2.06279
8.51860 , 0.11173 , 9.75704
9.00000 , 0.11109 , 100.00052
-4.13471 , 0.00000 , 0.00000
-4.13437 , 0.02464 , 0.00000
-4.13368 , 0.05149 , 0.00000
-4.13252 , 0.08076 , 0.00000
-4.13064 , 0.11261 , 0.00000
-4.12796 , 0.14719 , 0.00000
-4.12442 , 0.18460 , 0.00000
-4.11988 , 0.22487 , 0.00000
-4.11416 , 0.26794 , 0.00000
-4.10709 , 0.31365 , 0.00000
-4.09848 , 0.36176 , 0.00000
-4.08814 , 0.41193 , 0.00000
-4.07569 , 0.46370 , 0.00000
-4.06098 , 0.51668 , 0.00001
-4.04386 , 0.57047 , 0.00001
-4.02372 , 0.62453 , 0.00001
-3.98661 , 0.66590 , 0.00001
-3.94488 , 0.70817 , 0.00001
-3.89871 , 0.75123 , 0.00001
-3.84807 , 0.79475 , 0.00001
-3.79298 , 0.83833 , 0.00001
-3.73348 , 0.88149 , 0.00001
-3.66961 , 0.92371 , 0.00001
-3.60138 , 0.96440 , 0.00001
-3.52871 , 1.00278 , 0.00001
-3.45153 , 1.03799 , 0.00001
-3.36985 , 1.06923 , 0.00001
-3.28368 , 1.09550 , 0.00002
-3.19308 , 1.11557 , 0.00002
-3.09837 , 1.12844 , 0.00002
-3.00000 , 1.13296 , 0.00002
-2.89844 , 1.13285 , 0.00002
-2.79377 , 1.13273 , 0.00002
-2.68604 , 1.13261 , 0.00003
-2.57531 , 1.13249 , 0.00003
-2.46167 , 1.13236 , 0.00004
-2.34518 , 1.13223 , 0.00004
-2.22597 , 1.13210 , 0.00005
-2.10415 , 1.13197 , 0.00005
-1.97985 , 1.13183 , 0.00006
-1.85322 , 1.13169 , 0.00007
-1.72441 , 1.13154 , 0.00008
-1.59362 , 1.13140 , 0.00010
-1.46101 , 1.13125 , 0.00011
-1.32680 , 1.13110 , 0.00012
-1.19118 , 1.13095 , 0.00014
-1.05439 , 1.13080 , 0.00016
-0.91664 , 1.13065 , 0.00018
-0.77816 , 1.13049 , 0.00021
-0.63920 , 1.13034 , 0.00023
-0.50000 , 1.13018 , 0.00026
-0.36080 , 1.13003 , 0.00030
-0.22184 , 1.12987 , 0.00033
-0.08336 , 1.12972 , 0.00037
0.05439 , 1.12957 , 0.00041
0.19118 , 1.12942 , 0.00045
0.32680 , 1.12926 , 0.00050
0.46101 , 1.12912 , 0.00055
0.59362 , 1.12897 , 0.00061
0.72441 , 1.12882 , 0.00066
0.85322 , 1.12868 , 0.00072
0.97985 , 1.12854 , 0.00078
1.10415 , 1.12840 , 0.00084
1.22597 , 1.12827 , 0.00091
1.34518 , 1.12813 , 0.00097
1.46167 , 1.12800 , 0.00104
1.57531 , 1.12788 , 0.00110
1.68604 , 1.12775 , 0.00116
1.79377 , 1.12763 , 0.00123
1.89844 , 1.12752 , 0.00129
2.00000 , 1.12740 , 0.00138
2.10076 , 1.12596 , 0.00155
2.20277 , 1.12217 , 0.00175
2.30565 , 1.11580 , 0.00198
2.40897 , 1.10669 , 0.00220
2.51231 , 1.09500 , 0.00244
2.61523 , 1.08059 , 0.00267
2.71726 , 1.06335 , 0.00289
2.81800 , 1.04347 , 0.00310
2.91701 , 1.02099 , 0.00329
3.01383 , 0.99576 , 0.00346
3.10806 , 0.96796 , 0.00359
3.19935 , 0.93775 , 0.00368
3.28733 , 0.90522 , 0.00373
3.37156 , 0.87027 , 0.00372
3.45179 , 0.83318 , 0.00366
3.52772 , 0.79413 , 0.00356
3.59911 , 0.75329 , 0.00339
3.66555 , 0.71060 , 0.00318
3.72690 , 0.66640 , 0.00293
3.78299 , 0.62096 , 0.00265
3.83369 , 0.57454 , 0.00233
3.87855 , 0.52714 , 0.00200
3.91774 , 0.47935 , 0.00168
3.95131 , 0.43157 , 0.00136
3.97895 , 0.38398 , 0.00106
4.00111 , 0.33722 , 0.00080
4.01806 , 0.29169 , 0.00058
4.02999 , 0.24778 , 0.00039
4.03759 , 0.20588 , 0.00026
4.04157 , 0.16628 , 0.00125
4.09428 , 0.16621 , 0.00365
4.15283 , 0.16612 , 0.00471
4.21784 , 0.16602 , 0.00605
4.29002 , 0.16591 , 0.00776
4.37012 , 0.16579 , 0.00994
4.45897 , 0.16566 , 0.01272
4.55748 , 0.16551 , 0.01629
4.66664 , 0.16535 , 0.02088
4.78751 , 0.16517 , 0.02683
4.92126 , 0.16497 , 0.03460
5.06914 , 0.16475 , 0.04482
5.23251 , 0.16450 , 0.05842
5.41280 , 0.16423 , 0.07677
5.61153 , 0.16393 , 0.10196
5.83034 , 0.16360 , 0.13726
6.07093 , 0.16324 , 0.18806
6.33506 , 0.16284 , 0.26375
6.62457 , 0.16241 , 0.38185
6.94134 , 0.16193 , 0.57876
7.28726 , 0.16141 , 0.94206
7.66424 , 0.16085 , 1.73638
8.07415 , 0.16024 , 4.11799
8.51882 , 0.15957 , 16.68770
9.00000 , 0.15886 , 100.00052
-4.18213 , 0.00000 , 0.00000
-4.18180 , 0.02605 , 0.00000
-4.18112 , 0.05464 , 0.00000
-4.17997 , 0.08602 , 0.00000
-4.17812 , 0.12040 , 0.00000
-4.17548 , 0.15794 , 0.00000
-4.17201 , 0.19878 , 0.00000
-4.16754 , 0.24292 , 0.00000
-4.16192 , 0.29029 , 0.00001
-4.15496 , 0.34066 , 0.00001
-4.14649 , 0.39368 , 0.00001
-4.13632 , 0.44889 , 0.00001
-4.12407 , 0.50571 , 0.00001
-4.10961 , 0.56360 , 0.00001
-4.09276 , 0.62203 , 0.00001
-4.07295 , 0.68037 , 0.00001
-4.03128 , 0.72105 , 0.00001
-3.98471 , 0.76262 , 0.00002
-3.93351 , 0.80497 , 0.00002
-3.87780 , 0.84777 , 0.00002
-3.81775 , 0.89062 , 0.00002
-3.75353 , 0.93307 , 0.00002
-3.68530 , 0.97459 , 0.00002
-3.61319 , 1.01460 , 0.00003
-3.53719 , 1.05234 , 0.00003
-3.45724 , 1.08697 , 0.00003
-3.37337 , 1.11768 , 0.00003
-3.28558 , 1.14352 , 0.00003
-3.19389 , 1.16325 , 0.00003
-3.09856 , 1.17590 , 0.00003
-3.00000 , 1.18034 , 0.00004
-2.89844 , 1.18023 , 0.00004
-2.79377 , 1.18011 , 0.00004
-2.68604 , 1.17999 , 0.00005
-2.57531 , 1.17986 , 0.00006
-2.46167 , 1.17973 , 0.00007
-2.34518 , 1.17960 , 0.00008
-2.22597 , 1.17947 , 0.00009
-2.10415 , 1.17933 , 0.00010
-1.97985 , 1.17919 , 0.00012
-1.85322 , 1.17904 , 0.00014
-1.72441 , 1.17890 , 0.00016
-1.59362 , 1.17875 , 0.00018
-1.46101 , 1.17860 , 0.00020
-1.32680 , 1.17844 , 0.00023
-1.19118 , 1.17829 , 0.00027
-1.05439 , 1.17813 , 0.00030
-0.91664 , 1.17798 , 0.00034
-0.77816 , 1.17782 , 0.00039
-0.63920 , 1.17766 , 0.00044
-0.50000 , 1.17751 , 0.00050
-0.36080 , 1.17735 , 0.00056
-0.22184 , 1.17719 , 0.00063
-0.08336 , 1.17703 , 0.00070
0.05439 , 1.17688 , 0.00078
0.19118 , 1.17672 , 0.00086
0.32680 , 1.17657 , 0.00095
0.46101 , 1.17641 , 0.00105
0.59362 , 1.17626 , 0.00115
0.72441 , 1.17611 , 0.00126
0.85322 , 1.17597 , 0.00137
0.97985 , 1.17582 , 0.00149
1.10415 , 1.17568 , 0.00161
1.22597 , 1.17554 , 0.00173
1.34518 , 1.17541 , 0.00186
1.46167 , 1.17528 , 0.00198
1.57531 , 1.17515 , 0.00210
1.68604 , 1.17502 , 0.00223
1.79377 , 1.17490 , 0.00235
1.89844 , 1.17478 , 0.00247
2.00000 , 1.17466 , 0.00265
2.10078 , 1.17324 , 0.00296
2.20286 , 1.16951 , 0.00337
2.30586 , 1.16324 , 0.00379
2.40935 , 1.15428 , 0.00423
2.51290 , 1.14277 , 0.00468
2.61609 , 1.12860 , 0.00513
2.71843 , 1.11163 , 0.00557
2.81952 , 1.09207 , 0.00598
2.91893 , 1.06996 , 0.00636
3.01618 , 1.04514 , 0.00669
3.11089 , 1.01779 , 0.00695
3.20269 , 0.98807 , 0.00714
3.29120 , 0.95607 , 0.00724
3.37600 , 0.92169 , 0.00724
3.45681 , 0.88521 , 0.00714
3.53335 , 0.84680 , 0.00695
3.60536 , 0.80662 , 0.00664
3.67244 , 0.76463 , 0.00624
3.73444 , 0.72115 , 0.00577
3.79121 , 0.67646 , 0.00524
3.84259 , 0.63080 , 0.00463
3.88815 , 0.58417 , 0.00399
3.92806 , 0.53717 , 0.00337
3.96236 , 0.49016 , 0.00275
3.99076 , 0.44336 , 0.00216
4.01369 , 0.39736 , 0.00164
4.03142 , 0.35257 , 0.00119
4.04415 , 0.30938 , 0.00083
4.05254 , 0.26817 , 0.00055
4.05730 , 0.22922 , 0.00249
4.10999 , 0.22914 , 0.00713
4.16849 , 0.22905 , 0.00918
4.23341 , 0.22895 , 0.01179
4.30545 , 0.22884 , 0.01512
4.38536 , 0.22872 , 0.01936
4.47396 , 0.22858 , 0.02478
4.57216 , 0.22843 , 0.03174
4.68093 , 0.22826 , 0.04072
4.80134 , 0.22808 , 0.05235
4.93455 , 0.22787 , 0.06753
5.08181 , 0.22764 , 0.08754
5.24446 , 0.22739 , 0.11420
5.42393 , 0.22712 , 0.15021
5.62175 , 0.22681 , 0.19967
5.83956 , 0.22648 , 0.26907
6.07905 , 0.22611 , 0.36904
6.34201 , 0.22570 , 0.51804
6.63029 , 0.22526 , 0.75057
6.94579 , 0.22477 , 1.13783
7.29047 , 0.22424 , 1.84938
7.66628 , 0.22366 , 3.38428
8.07518 , 0.22304 , 7.75453
8.51911 , 0.22236 , 26.67375
9.00000 , 0.22163 , 100.00052
-4.24179 , 0.00000 , 0.00000
-4.24147 , 0.02783 , 0.00000
-4.24081 , 0.05861 , 0.00000
-4.23969 , 0.09264 , 0.00000
-4.23788 , 0.13019 , 0.00000
-4.23530 , 0.17147 , 0.00000
-4.23190 , 0.21662 , 0.00001
-4.22753 , 0.26565 , 0.00001
-4.22203 , 0.31843 , 0.00001
-4.21523 , 0.37466 , 0.00001
-4.20694 , 0.43386 , 0.00001
-4.19699 , 0.49544 , 0.00001
-4.18501 , 0.55862 , 0.00002
-4.17085 , 0.62269 , 0.00002
-4.15437 , 0.68698 , 0.00002
-4.13498 , 0.75072 , 0.00002
-4.08757 , 0.79054 , 0.00002
-4.03490 , 0.83124 , 0.00003
-3.97737 , 0.87270 , 0.00003
-3.91528 , 0.91459 , 0.00004
-3.84898 , 0.95655 , 0.00004
-3.77881 , 0.99810 , 0.00004
-3.70510 , 1.03875 , 0.00004
-3.62810 , 1.07792 , 0.00005
-3.54788 , 1.11487 , 0.00005
-3.46444 , 1.14877 , 0.00005
-3.37782 , 1.17884 , 0.00005
-3.28798 , 1.20414 , 0.00005
-3.19491 , 1.22346 , 0.00005
-3.09881 , 1.23585 , 0.00006
-3.00000 , 1.24021 , 0.00006
-2.89844 , 1.24011 , 0.00007
-2.79377 , 1.24001 , 0.00008
-2.68604 , 1.23990 , 0.00009
-2.57531 , 1.23979 , 0.00011
-2.46167 , 1.23967 , 0.00012
-2.34518 , 1.23955 , 0.00014
-2.22597 , 1.23944 , 0.00016
-2.10415 , 1.23931 , 0.00019
-1.97985 , 1.23919 , 0.00021
-1.85322 , 1.23906 , 0.00025
-1.72441 , 1.23893 , 0.00028
-1.59362 , 1.23880 , 0.00033
-1.46101 , 1.23867 , 0.00037
-1.32680 , 1.23853 , 0.00043
-1.19118 , 1.23839 , 0.00049
-1.05439 , 1.23826 , 0.00055
-0.91664 , 1.23812 , 0.00063
-0.77816 , 1.23798 , 0.00071
-0.63920 , 1.23784 , 0.00081
-0.50000 , 1.23770 , 0.00091
-0.36080 , 1.23756 , 0.00102
-0.22184 , 1.23742 , 0.00115
-0.08336 , 1.23728 , 0.00128
0.05439 , 1.23714 , 0.00143
0.19118 , 1.23700 , 0.00159
0.32680 , 1.23687 , 0.00176
0.46101 , 1.23673 , 0.00194
0.59362 , 1.23660 , 0.00213
0.72441 , 1.23647 , 0.00232
0.85322 , 1.23634 , 0.00253
0.97985 , 1.23621 , 0.00275
1.10415 , 1.23608 , 0.00297
1.22597 , 1.23596 , 0.00320
1.34518 , 1.23584 , 0.00343
1.46167 , 1.23573 , 0.00366
1.57531 , 1.23561 , 0.00389
1.68604 , 1.23550 , 0.00413
1.79377 , 1.23539 , 0.00435
1.89844 , 1.23529 , 0.00457
2.00000 , 1.23518 , 0.00491
2.10081 , 1.23380 , 0.00549
2.20298 , 1.23016 , 0.00625
2.30613 , 1.22404 , 0.00704
2.40983 , 1.21528 , 0.00787
2.51366 , 1.20403 , 0.00872
2.61718 , 1.19017 , 0.00956
2.71992 , 1.17358 , 0.01039
2.82147 , 1.15445 , 0.01118
2.92139 , 1.13282 , 0.01190
3.01921 , 1.10854 , 0.01252
3.11453 , 1.08180 , 0.01304
3.20697 , 1.05273 , 0.01342
3.29618 , 1.02142 , 0.01363
3.38170 , 0.98779 , 0.01365
3.46326 , 0.95210 , 0.01351
3.54058 , 0.91453 , 0.01317
3.61339 , 0.87522 , 0.01263
3.68130 , 0.83414 , 0.01191
3.74415 , 0.79161 , 0.01105
3.80178 , 0.74788 , 0.01007
3.85405 , 0.70321 , 0.00894
3.90051 , 0.65760 , 0.00776
3.94135 , 0.61161 , 0.00659
3.97660 , 0.56562 , 0.00541
4.00597 , 0.51983 , 0.00428
4.02990 , 0.47483 , 0.00329
4.04864 , 0.43102 , 0.00242
4.06238 , 0.38876 , 0.00170
4.07180 , 0.34844 , 0.00116
4.07758 , 0.31033 , 0.00483
4.13025 , 0.31026 , 0.01350
4.18868 , 0.31018 , 0.01734
4.25349 , 0.31009 , 0.02224
4.32535 , 0.30999 , 0.02849
4.40502 , 0.30989 , 0.03648
4.49330 , 0.30977 , 0.04669
4.59110 , 0.30963 , 0.05982
4.69938 , 0.30948 , 0.07674
4.81921 , 0.30932 , 0.09869
4.95173 , 0.30914 , 0.12738
5.09818 , 0.30894 , 0.16521
5.25990 , 0.30871 , 0.21566
5.43833 , 0.30847 , 0.28384
5.63498 , 0.30820 , 0.37758
5.85149 , 0.30790 , 0.50916
6.08957 , 0.30757 , 0.69872
6.35102 , 0.30722 , 0.98121
6.63771 , 0.30682 , 1.42148
6.95159 , 0.30639 , 2.15224
7.29465 , 0.30592 , 3.48360
7.66893 , 0.30541 , 6.29048
8.07652 , 0.30486 , 13.73677
8.51949 , 0.30426 , 39.84911
9.00000 , 0.30361 , 100.00052
-4.31652 , 0.00000 , 0.00000
-4.31622 , 0.03005 , 0.00000
-4.31558 , 0.06358 , 0.00000
-4.31450 , 0.10094 , 0.00000
-4.31274 , 0.14247 , 0.00000
-4.31024 , 0.18842 , 0.00001
-4.30695 , 0.23898 , 0.00001
-4.30271 , 0.29413 , 0.00001
-4.29736 , 0.35370 , 0.00002
-4.29075 , 0.41727 , 0.00002
-4.28270 , 0.48423 , 0.00002
-4.27303 , 0.55377 , 0.00003
-4.26139 , 0.62494 , 0.00003
-4.24763 , 0.69678 , 0.00003
-4.23161 , 0.76843 , 0.00003
-4.21277 , 0.83894 , 0.00003
-4.15817 , 0.87770 , 0.00004
-4.09785 , 0.91731 , 0.00005
-4.03240 , 0.95766 , 0.00006
-3.96231 , 0.99844 , 0.00007
-3.88816 , 1.03928 , 0.00007
-3.81054 , 1.07972 , 0.00008
-3.72995 , 1.11929 , 0.00008
-3.64681 , 1.15742 , 0.00008
-3.56131 , 1.19339 , 0.00008
-3.47349 , 1.22640 , 0.00009
-3.38341 , 1.25567 , 0.00009
-3.29099 , 1.28031 , 0.00009
-3.19619 , 1.29914 , 0.00010
-3.09911 , 1.31122 , 0.00010
-3.00000 , 1.31550 , 0.00011
-2.89844 , 1.31543 , 0.00012
-2.79377 , 1.31536 , 0.00014
-2.68604 , 1.31529 , 0.00016
-2.57531 , 1.31522 , 0.00019
-2.46167 , 1.31514 , 0.00021
-2.34518 , 1.31507 , 0.00025
-2.22597 , 1.31499 , 0.00028
-2.10415 , 1.31491 , 0.00033
-1.97985 , 1.31483 , 0.00038
-1.85322 , 1.31475 , 0.00044
-1.72441 , 1.31466 , 0.00050
-1.59362 , 1.31458 , 0.00058
-1.46101 , 1.31449 , 0.00066
-1.32680 , 1.31440 , 0.00076
-1.19118 , 1.31432 , 0.00086
-1.05439 , 1.31423 , 0.00098
-0.91664 , 1.31414 , 0.00112
-0.77816 , 1.31405 , 0.00127
-0.63920 , 1.31395 , 0.00143
-0.50000 , 1.31386 , 0.00162
-0.36080 , 1.31377 , 0.00182
-0.22184 , 1.31368 , 0.00204
-0.08336 , 1.31359 , 0.00228
0.05439 , 1.31350 , 0.00255
0.19118 , 1.31341 , 0.00283
0.32680 , 1.31332 , 0.00313
0.46101 , 1.31324 , 0.00345
0.59362 , 1.31315 , 0.00380
0.72441 , 1.31306 , 0.00415
0.85322 , 1.31298 , 0.00453
0.97985 , 1.31290 , 0.00492
1.10415 , 1.31282 , 0.00532
1.22597 , 1.31274 , 0.00573
1.34518 , 1.31266 , 0.00614
1.46167 , 1.31258 , 0.00656
1.57531 , 1.31251 , 0.00698
1.68604 , 1.31244 , 0.00740
1.79377 , 1.31237 , 0.00780
1.89844 , 1.31230 , 0.00820
2.00000 , 1.31223 , 0.00880
2.10084 , 1.31092 , 0.00986
2.20313 , 1.30742 , 0.01122
2.30647 , 1.30150 , 0.01267
2.41044 , 1.29301 , 0.01417
2.51462 , 1.28211 , 0.01571
2.61858 , 1.26868 , 0.01725
2.72183 , 1.25258 , 0.01877
2.82396 , 1.23402 , 0.02022
2.92453 , 1.21303 , 0.02156
3.02307 , 1.18947 , 0.02273
3.11917 , 1.16350 , 0.02371
3.21245 , 1.13528 , 0.02445
3.30253 , 1.10489 , 0.02489
3.38898 , 1.07223 , 0.02501
3.47151 , 1.03757 , 0.02481
3.54983 , 1.00108 , 0.02427
3.62367 , 0.96291 , 0.02336
3.69263 , 0.92301 , 0.02212
3.75656 , 0.88170 , 0.02061
3.81530 , 0.83923 , 0.01886
3.86870 , 0.79584 , 0.01686
3.91633 , 0.75153 , 0.01471
3.95836 , 0.70686 , 0.01258
3.99483 , 0.66219 , 0.01041
4.02545 , 0.61771 , 0.00833
4.05064 , 0.57400 , 0.00648
4.07067 , 0.53144 , 0.00483
4.08573 , 0.49038 , 0.00345
4.09646 , 0.45122 , 0.00240
4.10355 , 0.41420 , 0.00915
4.15620 , 0.41416 , 0.02475
4.21455 , 0.41410 , 0.03173
4.27921 , 0.41405 , 0.04064
4.35085 , 0.41398 , 0.05199
4.43021 , 0.41391 , 0.06651
4.51810 , 0.41384 , 0.08510
4.61539 , 0.41375 , 0.10898
4.72305 , 0.41365 , 0.13981
4.84213 , 0.41355 , 0.17983
4.97377 , 0.41343 , 0.23216
5.11919 , 0.41330 , 0.30120
5.27974 , 0.41316 , 0.39329
5.45683 , 0.41300 , 0.51783
5.65198 , 0.41282 , 0.68906
5.86684 , 0.41263 , 0.92935
6.10311 , 0.41242 , 1.27531
6.36262 , 0.41218 , 1.78996
6.64727 , 0.41193 , 2.58933
6.95906 , 0.41165 , 3.90685
7.30004 , 0.41134 , 6.27144
7.67237 , 0.41101 , 11.08290
8.07825 , 0.41065 , 22.73771
8.51999 , 0.41026 , 55.51409
9.00000 , 0.40984 , 100.00052
-4.40958 , 0.00000 , 0.00000
-4.40930 , 0.03282 , 0.00000
-4.40870 , 0.06976 , 0.00000
-4.40767 , 0.11127 , 0.00000
-4.40599 , 0.15775 , 0.00001
-4.40360 , 0.20954 , 0.00001
-4.40043 , 0.26683 , 0.00002
-4.39636 , 0.32961 , 0.00002
-4.39122 , 0.39763 , 0.00003
-4.38486 , 0.47036 , 0.00004
-4.37711 , 0.54699 , 0.00004
-4.36780 , 0.62648 , 0.00004
-4.35659 , 0.70759 , 0.00005
-4.34334 , 0.78913 , 0.00005
-4.32790 , 0.86995 , 0.00005
-4.30975 , 0.94892 , 0.00006
-4.24620 , 0.98637 , 0.00007
-4.17635 , 1.02464 , 0.00009
-4.10102 , 1.06363 , 0.00010
-4.02097 , 1.10303 , 0.00012
-3.93705 , 1.14248 , 0.00013
-3.85012 , 1.18156 , 0.00014
-3.76096 , 1.21980 , 0.00014
-3.67017 , 1.25664 , 0.00015
-3.57807 , 1.29141 , 0.00015
-3.48479 , 1.32331 , 0.00015
-3.39038 , 1.35162 , 0.00015
-3.29476 , 1.37545 , 0.00016
-3.19779 , 1.39367 , 0.00016
-3.09949 , 1.40539 , 0.00017
-3.00000 , 1.40958 , 0.00019
-2.89844 , 1.40958 , 0.00021
-2.79377 , 1.40958 , 0.00024
-2.68604 , 1.40958 , 0.00027
-2.57531 , 1.40958 , 0.00032
-2.46167 , 1.40958 , 0.00036
-2.34518 , 1.40958 , 0.00042
-2.22597 , 1.40958 , 0.00049
-2.10415 , 1.40958 , 0.00056
-1.97985 , 1.40958 , 0.00065
-1.85322 , 1.40958 , 0.00075
-1.72441 , 1.40958 , 0.00086
-1.59362 , 1.40958 , 0.00099
-1.46101 , 1.40958 , 0.00113
-1.32680 , 1.40958 , 0.00130
-1.19118 , 1.40958 , 0.00148
-1.05439 , 1.40958 , 0.00169
-0.91664 , 1.40958 , 0.00192
-0.77816 , 1.40958 , 0.00218
-0.63920 , 1.40958 , 0.00247
-0.50000 , 1.40958 , 0.00278
-0.36080 , 1.40958 , 0.00313
-0.22184 , 1.40958 , 0.00352
-0.08336 , 1.40958 , 0.00394
0.05439 , 1.40958 , 0.00439
0.19118 , 1.40958 , 0.00488
0.32680 , 1.40958 , 0.00540
0.46101 , 1.40958 , 0.00596
0.59362 , 1.40958 , 0.00656
0.72441 , 1.40958 , 0.00718
0.85322 , 1.40958 , 0.00783
0.97985 , 1.40958 , 0.00850
1.10415 , 1.40958 , 0.00920
1.22597 , 1.40958 , 0.00991
1.34518 , 1.40958 , 0.01063
1.46167 , 1.40958 , 0.01136
1.57531 , 1.40958 , 0.01208
1.68604 , 1.40958 , 0.01280
1.79377 , 1.40958 , 0.01351
1.89844 , 1.40958 , 0.01420
2.00000 , 1.40958 , 0.01523
2.10089 , 1.40838 , 0.01708
2.20332 , 1.40507 , 0.01947
2.30690 , 1.39943 , 0.02200
2.41121 , 1.39132 , 0.02463
2.51584 , 1.38088 , 0.02735
2.62034 , 1.36800 , 0.03008
2.72424 , 1.35255 , 0.03277
2.82711 , 1.33474 , 0.03537
2.92851 , 1.31458 , 0.03777
3.02795 , 1.29193 , 0.03992
3.12504 , 1.26698 , 0.04173
3.21938 , 1.23985 , 0.04314
3.31059 , 1.21063 , 0.04404
3.39821 , 1.17923 , 0.04439
3.48196 , 1.14589 , 0.04418
3.56155 , 1.11080 , 0.04338
3.63669 , 1.07408 , 0.04194
3.70700 , 1.03570 , 0.03989
3.77231 , 0.99596 , 0.03735
3.83245 , 0.95510 , 0.03439
3.88729 , 0.91335 , 0.03093
3.93640 , 0.87072 , 0.02719
3.97994 , 0.82773 , 0.02344
4.01795 , 0.78475 , 0.01958
4.05016 , 0.74195 , 0.01585
4.07698 , 0.69988 , 0.01249
4.09865 , 0.65892 , 0.00946
4.11538 , 0.61942 , 0.00690
4.12778 , 0.58173 , 0.00492
4.13653 , 0.54611 , 0.01688
4.18915 , 0.54611 , 0.04388
4.24741 , 0.54611 , 0.05611
4.31189 , 0.54611 , 0.07169
4.38325 , 0.54611 , 0.09158
4.46223 , 0.54611 , 0.11699
4.54961 , 0.54611 , 0.14955
4.64626 , 0.54611 , 0.19141
4.75314 , 0.54611 , 0.24546
4.87128 , 0.54611 , 0.31564
5.00181 , 0.54611 , 0.40743
5.14594 , 0.54611 , 0.52856
5.30499 , 0.54611 , 0.69014
5.48039 , 0.54611 , 0.90857
5.67365 , 0.54611 , 1.20869
5.88640 , 0.54611 , 1.62933
6.12038 , 0.54611 , 2.23360
6.37743 , 0.54611 , 3.12906
6.65948 , 0.54611 , 4.51058
6.96860 , 0.54611 , 6.75974
7.30693 , 0.54611 , 10.70060
7.67676 , 0.54611 , 18.32533
8.08046 , 0.54611 , 34.87118
8.52062 , 0.54611 , 71.96065
9.00000 , 0.54611 , 100.00052
-4.52465 , 0.00000 , 0.00000
-4.52441 , 0.03625 , 0.00000
-4.52386 , 0.07741 , 0.00000
-4.52290 , 0.12404 , 0.00001
-4.52132 , 0.17666 , 0.00001
-4.51906 , 0.23566 , 0.00002
-4.51606 , 0.30128 , 0.00003
-4.51220 , 0.37350 , 0.00004
-4.50732 , 0.45198 , 0.00005
-4.50128 , 0.53604 , 0.00006
-4.49391 , 0.62463 , 0.00007
-4.48506 , 0.71643 , 0.00007
-4.47438 , 0.80987 , 0.00008
-4.46177 , 0.90340 , 0.00008
-4.44707 , 0.99559 , 0.00008
-4.42977 , 1.08505 , 0.00009
-4.35515 , 1.12088 , 0.00012
-4.27353 , 1.15751 , 0.00014
-4.18599 , 1.19481 , 0.00017
-4.09360 , 1.23252 , 0.00019
-3.99758 , 1.27028 , 0.00022
-3.89915 , 1.30769 , 0.00023
-3.79938 , 1.34428 , 0.00024
-3.69911 , 1.37956 , 0.00025
-3.59884 , 1.41285 , 0.00025
-3.49879 , 1.44340 , 0.00025
-3.39903 , 1.47052 , 0.00025
-3.29943 , 1.49338 , 0.00026
-3.19977 , 1.51087 , 0.00027
-3.09996 , 1.52216 , 0.00028
-3.00000 , 1.52626 , 0.00030
-2.89844 , 1.52637 , 0.00034
-2.79377 , 1.52647 , 0.00039
-2.68604 , 1.52658 , 0.00045
-2.57531 , 1.52670 , 0.00052
-2.46167 , 1.52681 , 0.00060
-2.34518 , 1.52693 , 0.00069
-2.22597 , 1.52705 , 0.00080
-2.10415 , 1.52718 , 0.00093
-1.97985 , 1.52731 , 0.00107
-1.85322 , 1.52743 , 0.00123
-1.72441 , 1.52757 , 0.00142
-1.59362 , 1.52770 , 0.00163
-1.46101 , 1.52784 , 0.00187
-1.32680 , 1.52797 , 0.00214
-1.19118 , 1.52811 , 0.00245
-1.05439 , 1.52825 , 0.00280
-0.91664 , 1.52839 , 0.00318
-0.77816 , 1.52853 , 0.00361
-0.63920 , 1.52868 , 0.00409
-0.50000 , 1.52882 , 0.00462
-0.36080 , 1.52896 , 0.00520
-0.22184 , 1.52910 , 0.00584
-0.08336 , 1.52925 , 0.00654
0.05439 , 1.52939 , 0.00729
0.19118 , 1.52953 , 0.00811
0.32680 , 1.52966 , 0.00898
0.46101 , 1.52980 , 0.00991
0.59362 , 1.52994 , 0.01090
0.72441 , 1.53007 , 0.01194
0.85322 , 1.53020 , 0.01302
0.97985 , 1.53033 , 0.01415
1.10415 , 1.53046 , 0.01530
1.22597 , 1.53058 , 0.01649
1.34518 , 1.53071 , 0.01769
1.46167 , 1.53083 , 0.01890
1.57531 , 1.53094 , 0.02010
1.68604 , 1.53105 , 0.02129
1.79377 , 1.53116 , 0.02246
1.89844 , 1.53127 , 0.02359
2.00000 , 1.53138 , 0.02530
2.10095 , 1.53034 , 0.02839
2.20356 , 1.52728 , 0.03241
2.30744 , 1.52201 , 0.03667
2.41218 , 1.51439 , 0.04113
2.51737 , 1.50455 , 0.04573
2.62255 , 1.49239 , 0.05037
2.72726 , 1.47778 , 0.05498
2.83105 , 1.46091 , 0.05946
2.93349 , 1.44181 , 0.06365
3.03408 , 1.42035 , 0.06743
3.13241 , 1.39669 , 0.07069
3.22807 , 1.37095 , 0.07330
3.32068 , 1.34322 , 0.07508
3.40978 , 1.31341 , 0.07595
3.49507 , 1.28176 , 0.07590
3.57625 , 1.24843 , 0.07486
3.65303 , 1.21356 , 0.07272
3.72503 , 1.17710 , 0.06954
3.79206 , 1.13934 , 0.06550
3.85398 , 1.10052 , 0.06069
3.91062 , 1.06084 , 0.05499
3.96160 , 1.02033 , 0.04874
4.00704 , 0.97948 , 0.04241
4.04699 , 0.93863 , 0.03581
4.08120 , 0.89794 , 0.02936
4.11005 , 0.85796 , 0.02349
4.13379 , 0.81903 , 0.01813
4.15261 , 0.78148 , 0.01354
4.16712 , 0.74566 , 0.00992
4.17795 , 0.71180 , 0.03018
4.23055 , 0.71187 , 0.07474
4.28869 , 0.71195 , 0.09527
4.35294 , 0.71204 , 0.12142
4.42396 , 0.71214 , 0.15477
4.50246 , 0.71225 , 0.19737
4.58921 , 0.71237 , 0.25194
4.68508 , 0.71251 , 0.32208
4.79098 , 0.71266 , 0.41265
4.90795 , 0.71283 , 0.53025
5.03708 , 0.71301 , 0.68401
5.17959 , 0.71321 , 0.88683
5.33677 , 0.71344 , 1.15719
5.51005 , 0.71369 , 1.52224
5.70093 , 0.71396 , 2.02289
5.91104 , 0.71426 , 2.72256
6.14214 , 0.71459 , 3.72322
6.39609 , 0.71496 , 5.19581
6.67488 , 0.71536 , 7.44212
6.98064 , 0.71579 , 11.02914
7.31564 , 0.71627 , 17.09933
7.68230 , 0.71678 , 28.09877
8.08326 , 0.71734 , 49.16851
8.52142 , 0.71795 , 86.82111
9.00000 , 0.71861 , 100.00052
-4.66570 , 0.00000 , 0.00000
-4.66550 , 0.04046 , 0.00000
-4.66502 , 0.08679 , 0.00001
-4.66414 , 0.13970 , 0.00001
-4.66269 , 0.19983 , 0.00002
-4.66060 , 0.26767 , 0.00003
-4.65782 , 0.34351 , 0.00005
-4.65422 , 0.42730 , 0.00006
-4.64967 , 0.51861 , 0.00008
-4.64402 , 0.61657 , 0.00010
-4.63713 , 0.71984 , 0.00011
-4.62884 , 0.82673 , 0.00012
-4.61883 , 0.93529 , 0.00013
-4.60700 , 1.04354 , 0.00013
-4.59321 , 1.14968 , 0.00013
-4.57698 , 1.25200 , 0.00014
-4.48879 , 1.28587 , 0.00018
-4.39274 , 1.32048 , 0.00023
-4.29021 , 1.35575 , 0.00027
-4.18270 , 1.39139 , 0.00032
-4.07186 , 1.42708 , 0.00035
-3.95931 , 1.46245 , 0.00038
-3.84651 , 1.49705 , 0.00040
-3.73462 , 1.53041 , 0.00041
-3.62433 , 1.56190 , 0.00041
-3.51597 , 1.59081 , 0.00041
-3.40965 , 1.61650 , 0.00041
-3.30516 , 1.63816 , 0.00041
-3.20221 , 1.65478 , 0.00042
-3.10054 , 1.66556 , 0.00044
-3.00000 , 1.66957 , 0.00047
-2.89844 , 1.66982 , 0.00053
-2.79377 , 1.67008 , 0.00061
-2.68604 , 1.67034 , 0.00071
-2.57531 , 1.67062 , 0.00082
-2.46167 , 1.67089 , 0.00095
-2.34518 , 1.67118 , 0.00109
-2.22597 , 1.67147 , 0.00127
-2.10415 , 1.67177 , 0.00146
-1.97985 , 1.67208 , 0.00169
-1.85322 , 1.67239 , 0.00195
-1.72441 , 1.67271 , 0.00225
-1.59362 , 1.67303 , 0.00259
-1.46101 , 1.67336 , 0.00297
-1.32680 , 1.67369 , 0.00340
-1.19118 , 1.67402 , 0.00389
-1.05439 , 1.67436 , 0.00444
-0.91664 , 1.67470 , 0.00505
-0.77816 , 1.67504 , 0.00573
-0.63920 , 1.67538 , 0.00649
-0.50000 , 1.67572 , 0.00733
-0.36080 , 1.67606 , 0.00826
-0.22184 , 1.67640 , 0.00927
-0.08336 , 1.67674 , 0.01038
0.05439 , 1.67708 , 0.01158
0.19118 , 1.67742 , 0.01288
0.32680 , 1.67775 , 0.01426
0.46101 , 1.67808 , 0.01574
0.59362 , 1.67841 , 0.01731
0.72441 , 1.67873 , 0.01896
0.85322 , 1.67905 , 0.02068
0.97985 , 1.67936 , 0.02246
1.10415 , 1.67966 , 0.02429
1.22597 , 1.67996 , 0.02616
1.34518 , 1.68025 , 0.02806
1.46167 , 1.68054 , 0.02996
1.57531 , 1.68082 , 0.03186
1.68604 , 1.68109 , 0.03372
1.79377 , 1.68136 , 0.03554
1.89844 , 1.68161 , 0.03730
2.00000 , 1.68186 , 0.03999
2.10102 , 1.68104 , 0.04492
2.20385 , 1.67832 , 0.05135
2.30811 , 1.67353 , 0.05820
2.41338 , 1.66653 , 0.06538
2.51926 , 1.65745 , 0.07282
2.62529 , 1.64618 , 0.08038
2.73099 , 1.63263 , 0.08792
2.83593 , 1.61696 , 0.09531
2.93965 , 1.59919 , 0.10230
3.04166 , 1.57920 , 0.10869
3.14152 , 1.55715 , 0.11431
3.23883 , 1.53315 , 0.11895
3.33317 , 1.50728 , 0.12231
3.42410 , 1.47945 , 0.12426
3.51130 , 1.44991 , 0.12475
3.59445 , 1.41878 , 0.12366
3.67326 , 1.38620 , 0.12079
3.74734 , 1.35214 , 0.11621
3.81652 , 1.31685 , 0.11018
3.88063 , 1.28057 , 0.10281
3.93952 , 1.24348 , 0.09391
3.99279 , 1.20560 , 0.08403
4.04059 , 1.16741 , 0.07385
4.08296 , 1.12921 , 0.06314
4.11964 , 1.09116 , 0.05253
4.15101 , 1.05377 , 0.04274
4.17732 , 1.01736 , 0.03368
4.19874 , 0.98224 , 0.02581
4.21585 , 0.94874 , 0.01946
4.22927 , 0.91708 , 0.05189
4.28184 , 0.91725 , 0.12120
4.33984 , 0.91745 , 0.15396
4.40382 , 0.91766 , 0.19560
4.47442 , 0.91790 , 0.24864
4.55233 , 0.91816 , 0.31634
4.63831 , 0.91845 , 0.40299
4.73319 , 0.91878 , 0.51428
4.83789 , 0.91914 , 0.65788
4.95340 , 0.91954 , 0.84420
5.08082 , 0.91998 , 1.08759
5.22132 , 0.92047 , 1.40822
5.37620 , 0.92100 , 1.83487
5.54685 , 0.92160 , 2.40952
5.73478 , 0.92226 , 3.19484
5.94163 , 0.92298 , 4.28684
6.16916 , 0.92377 , 5.83716
6.41927 , 0.92464 , 8.09371
6.69401 , 0.92560 , 11.47798
6.99561 , 0.92664 , 16.73697
7.32646 , 0.92778 , 25.24177
7.68920 , 0.92902 , 39.50432
8.08675 , 0.93036 , 63.45854
8.52241 , 0.93182 , 97.94497
9.00000 , 0.93339 , 100.00052
-4.83675 , 0.00000 , 0.00000
-4.83660 , 0.04555 , 0.00000
-4.83619 , 0.09816 , 0.00001
-4.83543 , 0.15870 , 0.00002
-4.83414 , 0.22794 , 0.00003
-4.83225 , 0.30650 , 0.00005
-4.82973 , 0.39472 , 0.00007
-4.82645 , 0.49255 , 0.00010
-4.82230 , 0.59943 , 0.00013
-4.81714 , 0.71423 , 0.00015
-4.81082 , 0.83530 , 0.00017
-4.80322 , 0.96051 , 0.00019
-4.79403 , 1.08740 , 0.00019
-4.78316 , 1.21352 , 0.00019
-4.77048 , 1.33657 , 0.00019
-4.75554 , 1.45450 , 0.00021
-4.65089 , 1.48599 , 0.00027
-4.53734 , 1.51818 , 0.00034
-4.41665 , 1.55097 , 0.00042
-4.29080 , 1.58411 , 0.00049
-4.16196 , 1.61730 , 0.00055
-4.03229 , 1.65019 , 0.00060
-3.90370 , 1.68238 , 0.00063
-3.77770 , 1.71342 , 0.00064
-3.65525 , 1.74274 , 0.00064
-3.53682 , 1.76967 , 0.00064
-3.42253 , 1.79362 , 0.00063
-3.31212 , 1.81386 , 0.00063
-3.20516 , 1.82942 , 0.00064
-3.10125 , 1.83959 , 0.00065
-3.00000 , 1.84349 , 0.00069
-2.89844 , 1.84393 , 0.00078
-2.79377 , 1.84438 , 0.00091
-2.68604 , 1.84484 , 0.00105
-2.57531 , 1.84532 , 0.00122
-2.46167 , 1.84581 , 0.00142
-2.34518 , 1.84631 , 0.00164
-2.22597 , 1.84682 , 0.00190
-2.10415 , 1.84734 , 0.00220
-1.97985 , 1.84787 , 0.00254
-1.85322 , 1.84842 , 0.00294
-1.72441 , 1.84897 , 0.00338
-1.59362 , 1.84953 , 0.00389
-1.46101 , 1.85010 , 0.00447
-1.32680 , 1.85067 , 0.00512
-1.19118 , 1.85126 , 0.00585
-1.05439 , 1.85184 , 0.00667
-0.91664 , 1.85243 , 0.00759
-0.77816 , 1.85303 , 0.00862
-0.63920 , 1.85362 , 0.00976
-0.50000 , 1.85422 , 0.01103
-0.36080 , 1.85481 , 0.01242
-0.22184 , 1.85541 , 0.01394
-0.08336 , 1.85600 , 0.01560
0.05439 , 1.85659 , 0.01740
0.19118 , 1.85718 , 0.01934
0.32680 , 1.85776 , 0.02142
0.46101 , 1.85833 , 0.02364
0.59362 , 1.85890 , 0.02598
0.72441 , 1.85946 , 0.02844
0.85322 , 1.86001 , 0.03100
0.97985 , 1.86056 , 0.03365
1.10415 , 1.86109 , 0.03638
1.22597 , 1.86161 , 0.03916
1.34518 , 1.86212 , 0.04196
1.46167 , 1.86262 , 0.04477
1.57531 , 1.86310 , 0.04755
1.68604 , 1.86358 , 0.05028
1.79377 , 1.86404 , 0.05293
1.89844 , 1.86448 , 0.05547
2.00000 , 1.86492 , 0.05944
2.10111 , 1.86436 , 0.06682
2.20421 , 1.86207 , 0.07654
2.30892 , 1.85786 , 0.08689
2.41484 , 1.85163 , 0.09781
2.52156 , 1.84348 , 0.10916
2.62861 , 1.83332 , 0.12076
2.73553 , 1.82105 , 0.13243
2.84187 , 1.80684 , 0.14394
2.94715 , 1.79070 , 0.15496
3.05088 , 1.77251 , 0.16518
3.15261 , 1.75243 , 0.17435
3.25192 , 1.73055 , 0.18214
3.34838 , 1.70696 , 0.18810
3.44153 , 1.68156 , 0.19200
3.53104 , 1.65458 , 0.19374
3.61659 , 1.62614 , 0.19310
3.69788 , 1.59637 , 0.18975
3.77451 , 1.56522 , 0.18376
3.84630 , 1.53295 , 0.17546
3.91308 , 1.49976 , 0.16499
3.97469 , 1.46583 , 0.15208
4.03078 , 1.43117 , 0.13746
4.08145 , 1.39621 , 0.12218
4.12674 , 1.36124 , 0.10588
4.16644 , 1.32641 , 0.08951
4.20089 , 1.29218 , 0.07418
4.23032 , 1.25885 , 0.05981
4.25490 , 1.22670 , 0.04707
4.27519 , 1.19603 , 0.03659
4.29176 , 1.16705 , 0.08470
4.34430 , 1.16735 , 0.18469
4.40212 , 1.16768 , 0.23368
4.46577 , 1.16805 , 0.29583
4.53586 , 1.16846 , 0.37482
4.61305 , 1.16892 , 0.47546
4.69810 , 1.16943 , 0.60407
4.79179 , 1.17000 , 0.76901
4.89503 , 1.17062 , 0.98151
5.00877 , 1.17131 , 1.25676
5.13410 , 1.17208 , 1.61565
5.27216 , 1.17293 , 2.08728
5.42423 , 1.17387 , 2.71291
5.59168 , 1.17490 , 3.55212
5.77602 , 1.17604 , 4.69262
5.97890 , 1.17729 , 6.26645
6.20208 , 1.17867 , 8.47707
6.44752 , 1.18019 , 11.64584
6.71733 , 1.18184 , 16.29246
7.01385 , 1.18365 , 23.27166
7.33965 , 1.18563 , 33.98044
7.69761 , 1.18778 , 50.52596
8.09100 , 1.19011 , 75.02529
8.52362 , 1.19264 , 104.25814
9.00000 , 1.19537 , 100.00052
-5.04148 , 0.00000 , 0.00000
-5.04140 , 0.05165 , 0.00001
-5.04109 , 0.11177 , 0.00001
-5.04046 , 0.18143 , 0.00003
-5.03935 , 0.26158 , 0.00005
-5.03770 , 0.35297 , 0.00007
-5.03549 , 0.45602 , 0.00011
-5.03260 , 0.57065 , 0.00015
-5.02892 , 0.69615 , 0.00019
-5.02433 , 0.83112 , 0.00022
-5.01871 , 0.97349 , 0.00025
-5.01192 , 1.12062 , 0.00027
-5.00370 , 1.26945 , 0.00027
-4.99397 , 1.41694 , 0.00027
-4.98261 , 1.56024 , 0.00026
-4.96922 , 1.69684 , 0.00029
-4.84488 , 1.72548 , 0.00039
-4.71037 , 1.75475 , 0.00049
-4.56794 , 1.78457 , 0.00060
-4.42014 , 1.81472 , 0.00071
-4.26977 , 1.84491 , 0.00081
-4.11961 , 1.87484 , 0.00088
-3.97213 , 1.90413 , 0.00093
-3.82925 , 1.93240 , 0.00095
-3.69226 , 1.95910 , 0.00095
-3.56177 , 1.98366 , 0.00094
-3.43794 , 2.00552 , 0.00092
-3.32044 , 2.02403 , 0.00091
-3.20870 , 2.03833 , 0.00090
-3.10209 , 2.04776 , 0.00091
-3.00000 , 2.05153 , 0.00095
-2.89844 , 2.05218 , 0.00108
-2.79377 , 2.05285 , 0.00126
-2.68604 , 2.05354 , 0.00147
-2.57531 , 2.05425 , 0.00171
-2.46167 , 2.05497 , 0.00199
-2.34518 , 2.05572 , 0.00231
-2.22597 , 2.05648 , 0.00268
-2.10415 , 2.05726 , 0.00310
-1.97985 , 2.05805 , 0.00359
-1.85322 , 2.05886 , 0.00414
-1.72441 , 2.05968 , 0.00477
-1.59362 , 2.06051 , 0.00548
-1.46101 , 2.06136 , 0.00629
-1.32680 , 2.06222 , 0.00721
-1.19118 , 2.06308 , 0.00824
-1.05439 , 2.06395 , 0.00939
-0.91664 , 2.06483 , 0.01069
-0.77816 , 2.06571 , 0.01213
-0.63920 , 2.06660 , 0.01373
-0.50000 , 2.06749 , 0.01550
-0.36080 , 2.06837 , 0.01744
-0.22184 , 2.06926 , 0.01957
-0.08336 , 2.07014 , 0.02189
0.05439 , 2.07102 , 0.02441
0.19118 , 2.07189 , 0.02711
0.32680 , 2.07275 , 0.03000
0.46101 , 2.07361 , 0.03307
0.59362 , 2.07445 , 0.03632
0.72441 , 2.07528 , 0.03972
0.85322 , 2.07610 , 0.04326
0.97985 , 2.07691 , 0.04691
1.10415 , 2.07770 , 0.05066
1.22597 , 2.07847 , 0.05446
1.34518 , 2.07923 , 0.05828
1.46167 , 2.07997 , 0.06210
1.57531 , 2.08069 , 0.06586
1.68604 , 2.08140 , 0.06953
1.79377 , 2.08208 , 0.07307
1.89844 , 2.08275 , 0.07643
2.00000 , 2.08339 , 0.08181
2.10121 , 2.08314 , 0.09207
2.20463 , 2.08134 , 0.10567
2.30989 , 2.07783 , 0.12021
2.41658 , 2.07249 , 0.13559
2.52430 , 2.06544 , 0.15168
2.63258 , 2.05660 , 0.16821
2.74095 , 2.04586 , 0.18494
2.84895 , 2.03338 , 0.20161
2.95610 , 2.01917 , 0.21773
3.06188 , 2.00312 , 0.23291
3.16584 , 1.98538 , 0.24678
3.26753 , 1.96603 , 0.25887
3.36651 , 1.94513 , 0.26856
3.46232 , 1.92262 , 0.27549
3.55460 , 1.89869 , 0.27946
3.64301 , 1.87345 , 0.28013
3.72724 , 1.84701 , 0.27702
3.80691 , 1.81934 , 0.27013
3.88181 , 1.79066 , 0.25989
3.95177 , 1.76115 , 0.24639
4.01664 , 1.73098 , 0.22929
4.07607 , 1.70014 , 0.20955
4.13017 , 1.66903 , 0.18852
4.17896 , 1.63792 , 0.16576
4.22225 , 1.60692 , 0.14259
4.26036 , 1.57645 , 0.12052
4.29351 , 1.54678 , 0.09948
4.32187 , 1.51816 , 0.08049
4.34594 , 1.49086 , 0.06446
4.36627 , 1.46506 , 0.12904
4.41876 , 1.46551 , 0.26004
4.47637 , 1.46600 , 0.32758
4.53963 , 1.46655 , 0.41301
4.60910 , 1.46717 , 0.52129
4.68545 , 1.46785 , 0.65889
4.76936 , 1.46860 , 0.83430
4.86164 , 1.46944 , 1.05873
4.96313 , 1.47036 , 1.34715
5.07477 , 1.47139 , 1.71974
5.19759 , 1.47253 , 2.20404
5.33274 , 1.47379 , 2.83815
5.48146 , 1.47517 , 3.67548
5.64510 , 1.47671 , 4.79208
5.82516 , 1.47839 , 6.29804
6.02329 , 1.48025 , 8.35532
6.24130 , 1.48229 , 11.20601
6.48116 , 1.48453 , 15.21690
6.74510 , 1.48698 , 20.94756
7.03557 , 1.48966 , 29.24356
7.35535 , 1.49259 , 41.31848
7.70761 , 1.49577 , 58.62308
8.09606 , 1.49922 , 81.71997
8.52507 , 1.50296 , 105.91735
9.00000 , 1.50700 , 100.00052
-5.28277 , 0.00000 , 0.00000
-5.28276 , 0.05884 , 0.00001
-5.28255 , 0.12781 , 0.00002
-5.28206 , 0.20821 , 0.00004
-5.28116 , 0.30121 , 0.00006
-5.27979 , 0.40773 , 0.00010
-5.27793 , 0.52825 , 0.00014
-5.27548 , 0.66266 , 0.00020
-5.27234 , 0.81010 , 0.00025
-5.26842 , 0.96882 , 0.00030
-5.26359 , 1.13628 , 0.00034
-5.25775 , 1.30921 , 0.00036
-5.25067 , 1.48388 , 0.00037
-5.24226 , 1.65652 , 0.00036
-5.23244 , 1.82364 , 0.00034
-5.22084 , 1.98222 , 0.00037
-5.07330 , 2.00748 , 0.00051
-4.91410 , 2.03329 , 0.00065
-4.74605 , 2.05959 , 0.00080
-4.57240 , 2.08618 , 0.00095
-4.39668 , 2.11283 , 0.00109
-4.22239 , 2.13924 , 0.00120
-4.05265 , 2.16510 , 0.00128
-3.88991 , 2.19006 , 0.00131
-3.73579 , 2.21367 , 0.00131
-3.59112 , 2.23540 , 0.00129
-3.45606 , 2.25477 , 0.00126
-3.33023 , 2.27122 , 0.00122
-3.21286 , 2.28399 , 0.00119
-3.10308 , 2.29251 , 0.00117
-3.00000 , 2.29609 , 0.00121
-2.89844 , 2.29695 , 0.00137
-2.79377 , 2.29784 , 0.00161
-2.68604 , 2.29875 , 0.00189
-2.57531 , 2.29969 , 0.00221
-2.46167 , 2.30065 , 0.00258
-2.34518 , 2.30164 , 0.00300
-2.22597 , 2.30265 , 0.00348
-2.10415 , 2.30368 , 0.00403
-1.97985 , 2.30473 , 0.00466
-1.85322 , 2.30580 , 0.00537
-1.72441 , 2.30689 , 0.00619
-1.59362 , 2.30799 , 0.00711
-1.46101 , 2.30911 , 0.00816
-1.32680 , 2.31025 , 0.00934
-1.19118 , 2.31139 , 0.01067
-1.05439 , 2.31255 , 0.01216
-0.91664 , 2.31371 , 0.01382
-0.77816 , 2.31488 , 0.01568
-0.63920 , 2.31605 , 0.01773
-0.50000 , 2.31723 , 0.02000
-0.36080 , 2.31840 , 0.02249
-0.22184 , 2.31957 , 0.02521
-0.08336 , 2.32074 , 0.02817
0.05439 , 2.32190 , 0.03137
0.19118 , 2.32305 , 0.03480
0.32680 , 2.32420 , 0.03846
0.46101 , 2.32533 , 0.04235
0.59362 , 2.32644 , 0.04644
0.72441 , 2.32755 , 0.05072
0.85322 , 2.32863 , 0.05516
0.97985 , 2.32970 , 0.05972
1.10415 , 2.33074 , 0.06438
1.22597 , 2.33177 , 0.06909
1.34518 , 2.33277 , 0.07381
1.46167 , 2.33375 , 0.07849
1.57531 , 2.33470 , 0.08307
1.68604 , 2.33563 , 0.08750
1.79377 , 2.33654 , 0.09174
1.89844 , 2.33742 , 0.09573
2.00000 , 2.33827 , 0.10233
2.10134 , 2.33835 , 0.11528
2.20513 , 2.33708 , 0.13259
2.31102 , 2.33433 , 0.15116
2.41861 , 2.33001 , 0.17088
2.52750 , 2.32421 , 0.19158
2.63721 , 2.31685 , 0.21298
2.74727 , 2.30786 , 0.23480
2.85720 , 2.29735 , 0.25668
2.96652 , 2.28535 , 0.27808
3.07470 , 2.27177 , 0.29848
3.18125 , 2.25671 , 0.31743
3.28571 , 2.24026 , 0.33432
3.38763 , 2.22247 , 0.34838
3.48653 , 2.20329 , 0.35911
3.58202 , 2.18287 , 0.36620
3.67376 , 2.16133 , 0.36916
3.76142 , 2.13874 , 0.36738
3.84461 , 2.11508 , 0.36079
3.92313 , 2.09054 , 0.34978
3.99680 , 2.06529 , 0.33445
4.06544 , 2.03945 , 0.31438
4.12876 , 2.01304 , 0.29065
4.18683 , 1.98638 , 0.26483
4.23968 , 1.95972 , 0.23648
4.28715 , 1.93315 , 0.20714
4.32952 , 1.90703 , 0.17865
4.36699 , 1.88159 , 0.15104
4.39973 , 1.85706 , 0.12561
4.42820 , 1.83366 , 0.10357
4.45289 , 1.81154 , 0.17944
4.50533 , 1.81213 , 0.33121
4.56269 , 1.81279 , 0.41530
4.62547 , 1.81352 , 0.52127
4.69423 , 1.81432 , 0.65511
4.76957 , 1.81522 , 0.82462
4.85218 , 1.81622 , 1.04000
4.94279 , 1.81732 , 1.31466
5.04223 , 1.81855 , 1.66643
5.15141 , 1.81990 , 2.11917
5.27132 , 1.82140 , 2.70522
5.40307 , 1.82306 , 3.46882
5.54788 , 1.82489 , 4.47126
5.70708 , 1.82691 , 5.79847
5.88217 , 1.82914 , 7.57237
6.07478 , 1.83159 , 9.96795
6.28676 , 1.83428 , 13.23854
6.52015 , 1.83723 , 17.75219
6.77726 , 1.84046 , 24.03966
7.06071 , 1.84399 , 32.84275
7.37352 , 1.84784 , 45.10886
7.71919 , 1.85204 , 61.74607
8.10191 , 1.85659 , 82.61435
8.52674 , 1.86151 , 103.68970
9.00000 , 1.86684 , 100.00052
-5.56198 , 0.00000 , 0.00000
-5.56203 , 0.06716 , 0.00001
-5.56192 , 0.14637 , 0.00002
-5.56158 , 0.23921 , 0.00004
-5.56090 , 0.34707 , 0.00008
-5.55983 , 0.47107 , 0.00012
-5.55835 , 0.61179 , 0.00018
-5.55639 , 0.76908 , 0.00024
-5.55386 , 0.94188 , 0.00031
-5.55067 , 1.12806 , 0.00037
-5.54674 , 1.32451 , 0.00041
-5.54196 , 1.52725 , 0.00044
-5.53616 , 1.73176 , 0.00044
-5.52926 , 1.93344 , 0.00043
-5.52117 , 2.12806 , 0.00040
-5.51162 , 2.31199 , 0.00044
-5.33721 , 2.33329 , 0.00060
-5.14945 , 2.35507 , 0.00077
-4.95178 , 2.37725 , 0.00096
-4.74823 , 2.39969 , 0.00115
-4.54320 , 2.42217 , 0.00132
-4.34104 , 2.44446 , 0.00147
-4.14559 , 2.46630 , 0.00157
-3.95990 , 2.48740 , 0.00163
-3.78602 , 2.50736 , 0.00164
-3.62496 , 2.52576 , 0.00161
-3.47697 , 2.54220 , 0.00156
-3.34152 , 2.55621 , 0.00150
-3.21765 , 2.56714 , 0.00143
-3.10422 , 2.57454 , 0.00137
-3.00000 , 2.57783 , 0.00139
-2.89844 , 2.57885 , 0.00157
-2.79377 , 2.57990 , 0.00186
-2.68604 , 2.58099 , 0.00219
-2.57531 , 2.58210 , 0.00257
-2.46167 , 2.58324 , 0.00300
-2.34518 , 2.58442 , 0.00350
-2.22597 , 2.58562 , 0.00406
-2.10415 , 2.58684 , 0.00471
-1.97985 , 2.58809 , 0.00544
-1.85322 , 2.58936 , 0.00628
-1.72441 , 2.59066 , 0.00723
-1.59362 , 2.59197 , 0.00830
-1.46101 , 2.59330 , 0.00951
-1.32680 , 2.59465 , 0.01088
-1.19118 , 2.59601 , 0.01242
-1.05439 , 2.59738 , 0.01414
-0.91664 , 2.59877 , 0.01606
-0.77816 , 2.60015 , 0.01819
-0.63920 , 2.60155 , 0.02055
-0.50000 , 2.60294 , 0.02315
-0.36080 , 2.60434 , 0.02599
-0.22184 , 2.60573 , 0.02910
-0.08336 , 2.60712 , 0.03246
0.05439 , 2.60849 , 0.03609
0.19118 , 2.60986 , 0.03997
0.32680 , 2.61122 , 0.04411
0.46101 , 2.61256 , 0.04848
0.59362 , 2.61389 , 0.05306
0.72441 , 2.61520 , 0.05784
0.85322 , 2.61648 , 0.06277
0.97985 , 2.61775 , 0.06783
1.10415 , 2.61899 , 0.07296
1.22597 , 2.62021 , 0.07812
1.34518 , 2.62140 , 0.08325
1.46167 , 2.62256 , 0.08830
1.57531 , 2.62370 , 0.09321
1.68604 , 2.62480 , 0.09791
1.79377 , 2.62588 , 0.10236
1.89844 , 2.62692 , 0.10649
2.00000 , 2.62793 , 0.11363
2.10147 , 2.62830 , 0.12812
2.20569 , 2.62757 , 0.14766
2.31230 , 2.62561 , 0.16869
2.42092 , 2.62237 , 0.19109
2.53112 , 2.61790 , 0.21469
2.64246 , 2.61215 , 0.23920
2.75444 , 2.60505 , 0.26431
2.86657 , 2.59671 , 0.28965
2.97834 , 2.58714 , 0.31464
3.08922 , 2.57627 , 0.33873
3.19871 , 2.56417 , 0.36140
3.30631 , 2.55094 , 0.38196
3.41155 , 2.53660 , 0.39959
3.51394 , 2.52111 , 0.41370
3.61306 , 2.50460 , 0.42388
3.70856 , 2.48716 , 0.42957
3.80009 , 2.46885 , 0.43008
3.88727 , 2.44967 , 0.42526
3.96987 , 2.42976 , 0.41542
4.04771 , 2.40925 , 0.40062
4.12062 , 2.38826 , 0.38044
4.18833 , 2.36679 , 0.35591
4.25089 , 2.34511 , 0.32859
4.30832 , 2.32343 , 0.29809
4.36049 , 2.30181 , 0.26597
4.40766 , 2.28055 , 0.23413
4.45000 , 2.25985 , 0.20272
4.48769 , 2.23989 , 0.17313
4.52111 , 2.22085 , 0.14675
4.55071 , 2.20286 , 0.22148
4.60308 , 2.20356 , 0.37194
4.66015 , 2.20433 , 0.46421
4.72238 , 2.20520 , 0.57998
4.79031 , 2.20615 , 0.72559
4.86450 , 2.20722 , 0.90927
4.94560 , 2.20840 , 1.14171
5.03432 , 2.20971 , 1.43693
5.13143 , 2.21116 , 1.81345
5.23781 , 2.21276 , 2.29591
5.35441 , 2.21454 , 2.91737
5.48230 , 2.21651 , 3.72266
5.62267 , 2.21868 , 4.77307
5.77685 , 2.22107 , 6.15324
5.94629 , 2.22371 , 7.98114
6.13267 , 2.22661 , 10.42237
6.33784 , 2.22979 , 13.71042
6.56393 , 2.23329 , 18.17394
6.81335 , 2.23711 , 24.26934
7.08891 , 2.24129 , 32.60740
7.39387 , 2.24585 , 43.93391
7.73215 , 2.25081 , 58.95149
8.10844 , 2.25620 , 77.71272
8.52860 , 2.26203 , 98.11364
9.00000 , 2.26834 , 100.00052
-5.87832 , 0.00000 , 0.00000
-5.87841 , 0.07658 , 0.00001
-5.87838 , 0.16739 , 0.00002
-5.87818 , 0.27431 , 0.00005
-5.87771 , 0.39901 , 0.00009
-5.87695 , 0.54280 , 0.00014
-5.87588 , 0.70639 , 0.00020
-5.87443 , 0.88957 , 0.00027
-5.87254 , 1.09106 , 0.00033
-5.87015 , 1.30830 , 0.00039
-5.86718 , 1.53753 , 0.00044
-5.86356 , 1.77397 , 0.00047
-5.85915 , 2.01219 , 0.00047
-5.85389 , 2.24668 , 0.00045
-5.84771 , 2.47235 , 0.00041
-5.84040 , 2.68488 , 0.00045
-5.63556 , 2.70163 , 0.00062
-5.41546 , 2.71876 , 0.00080
-5.18426 , 2.73621 , 0.00099
-4.94688 , 2.75386 , 0.00119
-4.70870 , 2.77156 , 0.00139
-4.47501 , 2.78911 , 0.00156
-4.25050 , 2.80631 , 0.00168
-4.03889 , 2.82294 , 0.00176
-3.84268 , 2.83869 , 0.00179
-3.66314 , 2.85323 , 0.00176
-3.50053 , 2.86626 , 0.00170
-3.35424 , 2.87739 , 0.00161
-3.22305 , 2.88614 , 0.00151
-3.10550 , 2.89215 , 0.00141
-3.00000 , 2.89498 , 0.00139
-2.89844 , 2.89605 , 0.00156
-2.79377 , 2.89716 , 0.00187
-2.68604 , 2.89830 , 0.00221
-2.57531 , 2.89947 , 0.00260
-2.46167 , 2.90067 , 0.00305
-2.34518 , 2.90191 , 0.00356
-2.22597 , 2.90317 , 0.00413
-2.10415 , 2.90445 , 0.00479
-1.97985 , 2.90577 , 0.00554
-1.85322 , 2.90711 , 0.00638
-1.72441 , 2.90847 , 0.00734
-1.59362 , 2.90985 , 0.00842
-1.46101 , 2.91125 , 0.00964
-1.32680 , 2.91266 , 0.01102
-1.19118 , 2.91409 , 0.01256
-1.05439 , 2.91554 , 0.01428
-0.91664 , 2.91699 , 0.01619
-0.77816 , 2.91845 , 0.01832
-0.63920 , 2.91991 , 0.02066
-0.50000 , 2.92138 , 0.02323
-0.36080 , 2.92285 , 0.02605
-0.22184 , 2.92431 , 0.02910
-0.08336 , 2.92577 , 0.03241
0.05439 , 2.92722 , 0.03596
0.19118 , 2.92866 , 0.03975
0.32680 , 2.93008 , 0.04377
0.46101 , 2.93149 , 0.04800
0.59362 , 2.93289 , 0.05242
0.72441 , 2.93426 , 0.05700
0.85322 , 2.93562 , 0.06172
0.97985 , 2.93695 , 0.06652
1.10415 , 2.93825 , 0.07137
1.22597 , 2.93953 , 0.07620
1.34518 , 2.94078 , 0.08098
1.46167 , 2.94200 , 0.08563
1.57531 , 2.94319 , 0.09011
1.68604 , 2.94436 , 0.09435
1.79377 , 2.94549 , 0.09829
1.89844 , 2.94658 , 0.10189
2.00000 , 2.94765 , 0.10848
2.10163 , 2.94822 , 0.12239
2.20631 , 2.94794 , 0.14133
2.31372 , 2.94674 , 0.16174
2.42346 , 2.94454 , 0.18352
2.53512 , 2.94142 , 0.20652
2.64824 , 2.93731 , 0.23046
2.76232 , 2.93218 , 0.25508
2.87686 , 2.92609 , 0.28002
2.99134 , 2.91907 , 0.30475
3.10519 , 2.91104 , 0.32877
3.21790 , 2.90209 , 0.35156
3.32894 , 2.89226 , 0.37251
3.43782 , 2.88158 , 0.39086
3.54403 , 2.87003 , 0.40604
3.64714 , 2.85769 , 0.41762
3.74675 , 2.84464 , 0.42509
3.84251 , 2.83092 , 0.42782
3.93404 , 2.81653 , 0.42566
4.02111 , 2.80159 , 0.41875
4.10351 , 2.78618 , 0.40714
4.18107 , 2.77040 , 0.39052
4.25357 , 2.75425 , 0.36967
4.32103 , 2.73794 , 0.34581
4.38346 , 2.72161 , 0.31873
4.44077 , 2.70532 , 0.28969
4.49317 , 2.68932 , 0.26024
4.54083 , 2.67372 , 0.23063
4.58391 , 2.65868 , 0.20207
4.62274 , 2.64434 , 0.17582
4.65770 , 2.63079 , 0.23372
4.70996 , 2.63152 , 0.35593
4.76668 , 2.63234 , 0.44239
4.82829 , 2.63325 , 0.55036
4.89528 , 2.63425 , 0.68552
4.96819 , 2.63537 , 0.85524
5.04761 , 2.63661 , 1.06906
5.13422 , 2.63799 , 1.33943
5.22875 , 2.63951 , 1.68267
5.33202 , 2.64120 , 2.12041
5.44497 , 2.64306 , 2.68144
5.56861 , 2.64513 , 3.40443
5.70410 , 2.64741 , 4.34176
5.85275 , 2.64992 , 5.56489
6.01601 , 2.65269 , 7.17213
6.19556 , 2.65573 , 9.29957
6.39329 , 2.65908 , 12.13642
6.61140 , 2.66275 , 15.94588
6.85245 , 2.66676 , 21.09183
7.11942 , 2.67115 , 28.06905
7.41587 , 2.67594 , 37.52738
7.74613 , 2.68115 , 50.26633
8.11549 , 2.68680 , 67.15281
8.53060 , 2.69293 , 88.83958
9.00000 , 2.69955 , 100.00052
-6.22824 , 0.00000 , 0.00000
-6.22835 , 0.08700 , 0.00001
-6.22838 , 0.19065 , 0.00002
-6.22829 , 0.31313 , 0.00005
-6.22802 , 0.45643 , 0.00009
-6.22755 , 0.62210 , 0.00013
-6.22687 , 0.81095 , 0.00019
-6.22594 , 1.02274 , 0.00024
-6.22470 , 1.25591 , 0.00029
-6.22313 , 1.50743 , 0.00034
-6.22116 , 1.77284 , 0.00038
-6.21875 , 2.04646 , 0.00041
-6.21581 , 2.32186 , 0.00041
-6.21228 , 2.59250 , 0.00039
-6.20813 , 2.85235 , 0.00035
-6.20321 , 3.09634 , 0.00038
-5.96471 , 3.10798 , 0.00052
-5.70885 , 3.11987 , 0.00068
-5.44058 , 3.13199 , 0.00085
-5.16584 , 3.14426 , 0.00102
-4.89106 , 3.15655 , 0.00119
-4.62258 , 3.16875 , 0.00134
-4.36603 , 3.18071 , 0.00146
-4.12584 , 3.19229 , 0.00154
-3.90502 , 3.20326 , 0.00158
-3.70513 , 3.21341 , 0.00157
-3.52644 , 3.22252 , 0.00152
-3.36821 , 3.23034 , 0.00143
-3.22898 , 3.23654 , 0.00131
-3.10691 , 3.24085 , 0.00119
-3.00000 , 3.24300 , 0.00115
-2.89844 , 3.24395 , 0.00128
-2.79377 , 3.24493 , 0.00154
-2.68604 , 3.24594 , 0.00184
-2.57531 , 3.24698 , 0.00217
-2.46167 , 3.24805 , 0.00254
-2.34518 , 3.24914 , 0.00297
-2.22597 , 3.25025 , 0.00345
-2.10415 , 3.25140 , 0.00399
-1.97985 , 3.25256 , 0.00461
-1.85322 , 3.25375 , 0.00531
-1.72441 , 3.25495 , 0.00610
-1.59362 , 3.25618 , 0.00699
-1.46101 , 3.25742 , 0.00800
-1.32680 , 3.25867 , 0.00912
-1.19118 , 3.25994 , 0.01038
-1.05439 , 3.26122 , 0.01178
-0.91664 , 3.26251 , 0.01334
-0.77816 , 3.26380 , 0.01506
-0.63920 , 3.26510 , 0.01696
-0.50000 , 3.26640 , 0.01904
-0.36080 , 3.26770 , 0.02130
-0.22184 , 3.26899 , 0.02375
-0.08336 , 3.27029 , 0.02639
0.05439 , 3.27157 , 0.02921
0.19118 , 3.27285 , 0.03222
0.32680 , 3.27411 , 0.03539
0.46101 , 3.27536 , 0.03872
0.59362 , 3.27660 , 0.04219
0.72441 , 3.27782 , 0.04576
0.85322 , 3.27902 , 0.04941
0.97985 , 3.28020 , 0.05311
1.10415 , 3.28135 , 0.05682
1.22597 , 3.28249 , 0.06050
1.34518 , 3.28360 , 0.06409
1.46167 , 3.28468 , 0.06756
1.57531 , 3.28574 , 0.07085
1.68604 , 3.28677 , 0.07392
1.79377 , 3.28777 , 0.07672
1.89844 , 3.28874 , 0.07921
2.00000 , 3.28969 , 0.08411
2.10179 , 3.29030 , 0.09492
2.20697 , 3.29034 , 0.10977
2.31523 , 3.28975 , 0.12578
2.42617 , 3.28851 , 0.14288
2.53938 , 3.28663 , 0.16092
2.65441 , 3.28410 , 0.17973
2.77073 , 3.28088 , 0.19907
2.88784 , 3.27702 , 0.21867
3.00518 , 3.27252 , 0.23817
3.12219 , 3.26735 , 0.25716
3.23831 , 3.26156 , 0.27525
3.35300 , 3.25517 , 0.29198
3.46574 , 3.24822 , 0.30682
3.57599 , 3.24068 , 0.31935
3.68331 , 3.23260 , 0.32922
3.78728 , 3.22405 , 0.33607
3.88751 , 3.21505 , 0.33951
3.98364 , 3.20559 , 0.33941
4.07542 , 3.19575 , 0.33585
4.16264 , 3.18560 , 0.32885
4.24511 , 3.17520 , 0.31830
4.32266 , 3.16455 , 0.30465
4.39528 , 3.15378 , 0.28861
4.46298 , 3.14300 , 0.27015
4.52570 , 3.13225 , 0.25001
4.58362 , 3.12167 , 0.22913
4.63688 , 3.11136 , 0.20772
4.68563 , 3.10143 , 0.18657
4.73015 , 3.09195 , 0.16648
4.77075 , 3.08300 , 0.19787
4.82288 , 3.08365 , 0.27353
4.87920 , 3.08438 , 0.33903
4.94011 , 3.08518 , 0.42041
5.00607 , 3.08607 , 0.52180
5.07758 , 3.08707 , 0.64851
5.15518 , 3.08817 , 0.80738
5.23951 , 3.08939 , 1.00733
5.33126 , 3.09074 , 1.26003
5.43122 , 3.09224 , 1.58080
5.54025 , 3.09390 , 1.98997
5.65935 , 3.09573 , 2.51468
5.78964 , 3.09775 , 3.19139
5.93241 , 3.09999 , 4.06956
6.08911 , 3.10245 , 5.21677
6.26142 , 3.10515 , 6.72608
6.45129 , 3.10813 , 8.72686
6.66100 , 3.11139 , 11.40055
6.89323 , 3.11496 , 15.00502
7.15119 , 3.11886 , 19.91499
7.43875 , 3.12311 , 26.70049
7.76064 , 3.12774 , 36.31368
8.12279 , 3.13277 , 50.61711
8.53267 , 3.13821 , 73.91437
9.00000 , 3.14409 , 100.00052
-6.60524 , 0.00000 , 0.00000
-6.60531 , 0.09823 , 0.00001
-6.60535 , 0.21569 , 0.00002
-6.60533 , 0.35493 , 0.00004
-6.60522 , 0.51826 , 0.00006
-6.60501 , 0.70748 , 0.00009
-6.60470 , 0.92351 , 0.00012
-6.60425 , 1.16606 , 0.00015
-6.60366 , 1.43330 , 0.00017
-6.60289 , 1.72168 , 0.00020
-6.60193 , 2.02596 , 0.00022
-6.60074 , 2.33950 , 0.00024
-6.59928 , 2.65481 , 0.00024
-6.59753 , 2.96424 , 0.00023
-6.59546 , 3.26073 , 0.00021
-6.59300 , 3.53841 , 0.00022
-6.31823 , 3.54442 , 0.00031
-6.02387 , 3.55057 , 0.00040
-5.71572 , 3.55683 , 0.00050
-5.40079 , 3.56316 , 0.00060
-5.08667 , 3.56951 , 0.00070
-4.78082 , 3.57582 , 0.00079
-4.48985 , 3.58201 , 0.00086
-4.21900 , 3.58800 , 0.00091
-3.97179 , 3.59369 , 0.00094
-3.75007 , 3.59895 , 0.00094
-3.55416 , 3.60370 , 0.00092
-3.38316 , 3.60778 , 0.00086
-3.23532 , 3.61104 , 0.00078
-3.10842 , 3.61335 , 0.00069
-3.00000 , 3.61455 , 0.00065
-2.89844 , 3.61516 , 0.00073
-2.79377 , 3.61578 , 0.00088
-2.68604 , 3.61641 , 0.00105
-2.57531 , 3.61707 , 0.00124
-2.46167 , 3.61774 , 0.00146
-2.34518 , 3.61843 , 0.00170
-2.22597 , 3.61914 , 0.00198
-2.10415 , 3.61986 , 0.00229
-1.97985 , 3.62060 , 0.00264
-1.85322 , 3.62135 , 0.00304
-1.72441 , 3.62211 , 0.00349
-1.59362 , 3.62288 , 0.00399
-1.46101 , 3.62367 , 0.00455
-1.32680 , 3.62446 , 0.00519
-1.19118 , 3.62526 , 0.00589
-1.05439 , 3.62607 , 0.00668
-0.91664 , 3.62689 , 0.00754
-0.77816 , 3.62771 , 0.00850
-0.63920 , 3.62853 , 0.00955
-0.50000 , 3.62935 , 0.01070
-0.36080 , 3.63017 , 0.01195
-0.22184 , 3.63100 , 0.01329
-0.08336 , 3.63181 , 0.01474
0.05439 , 3.63263 , 0.01628
0.19118 , 3.63344 , 0.01791
0.32680 , 3.63424 , 0.01963
0.46101 , 3.63503 , 0.02142
0.59362 , 3.63581 , 0.02328
0.72441 , 3.63658 , 0.02519
0.85322 , 3.63734 , 0.02714
0.97985 , 3.63809 , 0.02910
1.10415 , 3.63882 , 0.03105
1.22597 , 3.63954 , 0.03296
1.34518 , 3.64025 , 0.03482
1.46167 , 3.64093 , 0.03659
1.57531 , 3.64160 , 0.03825
1.68604 , 3.64226 , 0.03977
1.79377 , 3.64289 , 0.04113
1.89844 , 3.64351 , 0.04229
2.00000 , 3.64411 , 0.04478
2.10196 , 3.64454 , 0.05053
2.20766 , 3.64468 , 0.05849
2.31679 , 3.64452 , 0.06707
2.42897 , 3.64402 , 0.07620
2.54379 , 3.64321 , 0.08582
2.66077 , 3.64208 , 0.09583
2.77940 , 3.64060 , 0.10611
2.89915 , 3.63880 , 0.11650
3.01944 , 3.63668 , 0.12682
3.13969 , 3.63423 , 0.13686
3.25932 , 3.63147 , 0.14641
3.37775 , 3.62841 , 0.15523
3.49443 , 3.62507 , 0.16308
3.60883 , 3.62143 , 0.16973
3.72045 , 3.61752 , 0.17500
3.82886 , 3.61338 , 0.17875
3.93366 , 3.60901 , 0.18082
4.03449 , 3.60441 , 0.18118
4.13107 , 3.59962 , 0.17985
4.22319 , 3.59468 , 0.17689
4.31067 , 3.58960 , 0.17234
4.39336 , 3.58440 , 0.16638
4.47124 , 3.57914 , 0.15930
4.54429 , 3.57387 , 0.15116
4.61252 , 3.56862 , 0.14225
4.67604 , 3.56344 , 0.13289
4.73499 , 3.55840 , 0.12319
4.78950 , 3.55354 , 0.11341
4.83980 , 3.54891 , 0.10385
4.88613 , 3.54453 , 0.11247
4.93808 , 3.54494 , 0.14205
4.99395 , 3.54540 , 0.17615
5.05411 , 3.54592 , 0.21827
5.11897 , 3.54648 , 0.27047
5.18899 , 3.54711 , 0.33536
5.26468 , 3.54781 , 0.41633
5.34663 , 3.54859 , 0.51776
5.43548 , 3.54945 , 0.64535
5.53197 , 3.55041 , 0.80661
5.63695 , 3.55146 , 1.01142
5.75135 , 3.55263 , 1.27291
5.87628 , 3.55392 , 1.60868
6.01300 , 3.55534 , 2.04247
6.16297 , 3.55691 , 2.60665
6.32787 , 3.55863 , 3.34576
6.50972 , 3.56053 , 4.32207
6.71088 , 3.56261 , 5.62435
6.93417 , 3.56488 , 7.38358
7.18302 , 3.56737 , 9.80531
7.46161 , 3.57009 , 13.25074
7.77511 , 3.57304 , 18.48594
8.13004 , 3.57625 , 27.60997
8.53473 , 3.57972 , 48.23240
9.00000 , 3.58347 , 100.00052
-7.00000 , 0.00000 , 0.00000
-7.00000 , 0.10998 , 0.00000
-7.00000 , 0.24190 , 0.00000
-7.00000 , 0.39869 , 0.00000
-7.00000 , 0.58298 , 0.00000
-7.00000 , 0.79682 , 0.00000
-7.00000 , 1.04128 , 0.00000
-7.00000 , 1.31599 , 0.00000
-7.00000 , 1.61883 , 0.00000
-7.00000 , 1.94571 , 0.00000
-7.00000 , 2.29058 , 0.00000
-7.00000 , 2.64580 , 0.00000
-7.00000 , 3.00273 , 0.00000
-7.00000 , 3.35259 , 0.00000
-7.00000 , 3.68725 , 0.00000
-7.00000 , 4.00000 , 0.00000
-6.68725 , 4.00000 , 0.00000
-6.35259 , 4.00000 , 0.00000
-6.00273 , 4.00000 , 0.00000
-5.64580 , 4.00000 , 0.00000
-5.29058 , 4.00000 , 0.00000
-4.94571 , 4.00000 , 0.00000
-4.61883 , 4.00000 , 0.00000
-4.31599 , 4.00000 , 0.00000
-4.04128 , 4.00000 , 0.00000
-3.79682 , 4.00000 , 0.00000
-3.58298 , 4.00000 , 0.00000
-3.39869 , 4.00000 , 0.00000
-3.24190 , 4.00000 , 0.00000
-3.10998 , 4.00000 , 0.00000
-3.00000 , 4.00000 , 0.00000
-2.89844 , 4.00000 , 0.00000
-2.79377 , 4.00000 , 0.00000
-2.68604 , 4.00000 , 0.00000
-2.57531 , 4.00000 , 0.00000
-2.46167 , 4.00000 , 0.00000
-2.34518 , 4.00000 , 0.00000
-2.22597 , 4.00000 , 0.00000
-2.10415 , 4.00000 , 0.00000
-1.97985 , 4.00000 , 0.00000
-1.85322 , 4.00000 , 0.00000
-1.72441 , 4.00000 , 0.00000
-1.59362 , 4.00000 , 0.00000
-1.46101 , 4.00000 , 0.00000
-1.32680 , 4.00000 , 0.00000
-1.19118 , 4.00000 , 0.00000
-1.05439 , 4.00000 , 0.00000
-0.91664 , 4.00000 , 0.00000
-0.77816 , 4.00000 , 0.00000
-0.63920 , 4.00000 , 0.00000
-0.50000 , 4.00000 , 0.00000
-0.36080 , 4.00000 , 0.00000
-0.22184 , 4.00000 , 0.00000
-0.08336 , 4.00000 , 0.00000
0.05439 , 4.00000 , 0.00000
0.19118 , 4.00000 , 0.00000
0.32680 , 4.00000 , 0.00000
0.46101 , 4.00000 , 0.00000
0.59362 , 4.00000 , 0.00000
0.72441 , 4.00000 , 0.00000
0.85322 , 4.00000 , 0.00000
0.97985 , 4.00000 , 0.00000
1.10415 , 4.00000 , 0.00000
1.22597 , 4.00000 , 0.00000
1.34518 , 4.00000 , 0.00000
1.46167 , 4.00000 , 0.00000
1.57531 , 4.00000 , 0.00000
1.68604 , 4.00000 , 0.00000
1.79377 , 4.00000 , 0.00000
1.89844 , 4.00000 , 0.00000
2.00000 , 4.00000 , 0.00000
2.10213 , 4.00000 , 0.00000
2.20835 , 4.00000 , 0.00000
2.31835 , 4.00000 , 0.00000
2.43178 , 4.00000 , 0.00000
2.54820 , 4.00000 , 0.00000
2.66713 , 4.00000 , 0.00000
2.78807 , 4.00000 , 0.00000
2.91044 , 4.00000 , 0.00000
3.03367 , 4.00000 , 0.00000
3.15714 , 4.00000 , 0.00000
3.28024 , 4.00000 , 0.00000
3.40239 , 4.00000 , 0.00000
3.52298 , 4.00000 , 0.00000
3.64148 , 4.00000 , 0.00000
3.75736 , 4.00000 , 0.00000
3.87016 , 4.00000 , 0.00000
3.97947 , 4.00000 , 0.00000
4.08492 , 4.00000 , 0.00000
4.18624 , 4.00000 , 0.00000
4.28319 , 4.00000 , 0.00000
4.37560 , 4.00000 , 0.00000
4.46335 , 4.00000 , 0.00000
4.54639 , 4.00000 , 0.00000
4.62470 , 4.00000 , 0.00000
4.69834 , 4.00000 , 0.00000
4.76737 , 4.00000 , 0.00000
4.83190 , 4.00000 , 0.00000
4.89208 , 4.00000 , 0.00000
4.94805 , 4.00000 , 0.00000
5.00000 , 4.00000 , 0.00000
5.05172 , 4.00000 , 0.00000
5.10710 , 4.00000 , 0.00000
5.16646 , 4.00000 , 0.00000
5.23017 , 4.00000 , 0.00000
5.29866 , 4.00000 , 0.00000
5.37240 , 4.00000 , 0.00000
5.45193 , 4.00000 , 0.00000
5.53784 , 4.00000 , 0.00000
5.63085 , 4.00000 , 0.00000
5.73174 , 4.00000 , 0.00000
5.84144 , 4.00000 , 0.00000
5.96101 , 4.00000 , 0.00000
6.09171 , 4.00000 , 0.00000
6.23498 , 4.00000 , 0.00000
6.39255 , 4.00000 , 0.00000
6.56648 , 4.00000 , 0.00000
6.75923 , 4.00000 , 0.00000
6.97376 , 4.00000 , 0.00000
7.21372 , 4.00000 , 0.00000
7.48360 , 4.00000 , 0.00000
7.78898 , 4.00000 , 0.00000
8.13698 , 4.00000 , 0.00000
8.53668 , 4.00000 , 0.00000
9.00000 , 4.00000 , 100.00052
